session,trial,phrase,click_load,entry_rate,correction_rate,num_chars,num_clocks,win_diff
1,0,1,5.4,6.892834124241259,0.0,7,44,75
1,0,2,3.8,9.442003145084271,0.0,7,44,75
1,0,3,3.4,7.745679095071746,0.0,7,44,75
1,0,4,3.0,12.772310871891579,0.0,7,44,75
1,0,5,2.8,11.456520196202463,0.0,7,44,75
1,0,6,3.0,8.996798248739712,0.0,7,44,75
1,0,7,2.8,11.64456634605741,0.0,7,44,75
1,0,8,2.8,12.198261193642743,0.0,7,44,75
1,0,9,2.8,11.004159850563989,0.0,7,44,75
1,0,10,2.8,17.2887042290342,0.0,7,44,75
1,0,11,2.8,17.61876688199147,0.0,7,44,75
1,0,12,2.8,10.445409239828702,0.0,7,44,75
1,0,13,2.8,12.604127060481282,0.0,7,44,75
1,0,14,2.8,17.596008392556342,0.0,7,44,75
1,0,15,2.8,10.534584006508243,0.0,7,44,75
1,0,16,2.8,13.6282528303675,0.0,7,44,75
1,0,17,3.0,9.577251226102382,0.0,7,44,75
1,0,18,2.8,9.676847252921187,0.0,7,44,75
1,0,19,3.0,10.135895561896335,0.0,7,44,75
1,0,20,2.8,12.599120666537742,0.0,7,44,75
1,0,21,2.5,9.570884377092346,0.0,4,44,75
2,0,1,3.0,14.73077681753316,0.0,7,44,75
2,0,2,3.0,9.689787695976124,0.0,7,44,75
2,0,3,3.6,8.59012336168077,0.0,7,44,75
2,0,4,3.4,8.585104449149155,0.0,7,44,75
2,0,5,2.8,14.939721516636778,0.0,7,44,75
2,0,6,2.8,9.345413347069139,0.0,7,44,75
2,0,7,3.0,10.373915116954464,0.0,7,44,75
2,0,8,2.8,12.508613746631664,0.0,7,44,75
2,0,9,2.8,13.527771772247533,0.0,7,44,75
2,0,10,2.8,10.345028322684449,0.0,7,44,75
2,0,11,2.8,13.421275976173087,0.0,7,44,75
2,0,12,2.8,12.373598086798056,0.0,7,44,75
2,0,13,2.8,11.396623011396384,0.0,7,44,75
2,0,14,2.8,11.736856038763321,0.0,7,44,75
2,0,15,3.0,9.215728496750835,0.0,7,44,75
2,0,16,2.8,11.322771752064845,0.0,7,44,75
2,0,17,2.8,9.978350222741408,0.0,7,44,75
2,0,18,2.8,12.32826892775208,0.0,7,44,75
2,0,19,3.0,9.821298761918005,0.0,7,44,75
2,0,20,2.8,7.806364633378216,0.0,7,44,75
2,0,21,2.8,9.37586711861801,0.0,7,44,75
3,0,1,2.8,9.017279717905463,0.0,7,44,75
3,0,2,2.8,11.681952299078858,0.0,7,44,75
3,0,3,2.8,10.67738246452824,0.0,7,44,75
3,0,4,2.8,9.40137981890697,0.0,7,44,75
3,0,5,2.8,9.657978968508548,0.0,7,44,75
3,0,6,2.8,10.266516178776165,0.0,7,44,75
3,0,7,2.8,10.007171861505574,0.0,7,44,75
3,0,8,2.8,9.692274139346463,0.0,7,44,75
3,0,9,2.8,13.585369503318917,0.0,7,44,75
3,0,10,2.8,10.303851924548175,0.0,7,44,75
3,0,11,2.8,11.991893658730422,0.0,7,44,75
3,0,12,3.0,13.401368107135715,0.0,7,44,75
3,0,13,2.8,12.139737042834444,0.0,7,44,75
3,0,14,2.8,9.87298067003843,0.0,7,44,75
3,0,15,2.8,14.90493955292804,0.0,7,44,75
3,0,16,3.0,9.279463884147125,0.0,7,44,75
3,0,17,2.8,16.6922175228457,0.0,7,44,75
3,0,18,3.0,9.655739164388555,0.0,7,44,75
3,0,19,2.8,11.746215025990033,0.0,7,44,75
3,0,20,2.8,10.251234191481075,0.0,7,44,75
3,0,21,2.8,8.337018331307103,0.0,7,44,75
3,0,22,2.8,11.582887334278466,0.0,7,44,75
1,1,1,4.2,8.399901106777202,0.0,7,44,75
1,1,2,3.2,11.668644258330893,0.0,7,44,75
1,1,3,3.0,10.225485794624158,0.0,7,44,75
1,1,4,3.2,8.39552795052046,0.0,7,44,75
1,1,5,3.0,12.308388947485682,0.0,7,44,75
1,1,6,2.8,10.01837677333763,0.0,7,44,75
1,1,7,2.8,10.278405020954441,0.0,7,44,75
1,1,8,2.8,13.114630944539048,0.0,7,44,75
1,1,9,2.8,13.124490137676183,0.0,7,44,75
1,1,10,2.8,10.262524779014912,0.0,7,44,75
1,1,11,2.8,14.872031422988,0.0,7,44,75
1,1,12,2.8,14.68242581180621,0.0,7,44,75
1,1,13,2.8,12.839676555004052,0.0,7,44,75
1,1,14,2.8,11.27911531945384,0.0,7,44,75
1,1,15,2.8,14.1996896006934,0.0,7,44,75
1,1,16,2.8,14.0968657230524,0.0,7,44,75
1,1,17,3.0,8.569556219236604,0.0,7,44,75
1,1,18,2.8,12.436362256766094,0.0,7,44,75
1,1,19,2.8,10.37634686165314,0.0,7,44,75
1,1,20,2.8,11.038401339830372,0.0,7,44,75
1,1,21,3.0,9.465525630425072,0.0,7,44,75
2,1,1,2.8,14.517307859588891,0.0,7,44,75
2,1,2,2.8,10.268152729751353,0.0,7,44,75
2,1,3,3.0,12.97523352164461,0.0,7,44,75
2,1,4,2.8,11.63485802285537,0.0,7,44,75
2,1,5,3.2,9.23992266065332,0.0,7,44,75
2,1,6,2.8,11.310498297306745,0.0,7,44,75
2,1,7,3.0,11.586736908617862,0.0,7,44,75
2,1,8,2.8,12.714139475521181,0.0,7,44,75
2,1,9,2.8,11.571926311361437,0.0,7,44,75
2,1,10,2.8,17.459632820187633,0.0,7,44,75
2,1,11,2.8,8.677263883657247,0.0,7,44,75
2,1,12,2.8,12.654237178073183,0.0,7,44,75
2,1,13,2.8,9.603197088417119,0.0,7,44,75
2,1,14,2.8,11.44510888409893,0.0,7,44,75
2,1,15,2.8,10.400268921792275,0.0,7,44,75
2,1,16,3.0,12.029370867842998,0.0,7,44,75
2,1,17,2.8,10.57551188697636,0.0,7,44,75
2,1,18,2.8,12.533495327573132,0.0,7,44,75
2,1,19,3.0,11.183013652909997,0.0,7,44,75
2,1,20,2.8,8.767420984803984,0.0,7,44,75
2,1,21,2.8,9.168308259008683,0.0,7,44,75
2,1,22,2.0,16.270619416444916,0.0,5,44,75
3,1,1,2.8,10.038492210267854,0.0,7,44,75
3,1,2,2.8,11.149554850420275,0.0,7,44,75
3,1,3,2.8,10.282463791441398,0.0,7,44,75
3,1,4,2.8,9.608147324219352,0.0,7,44,75
3,1,5,2.8,9.391049877465232,0.0,7,44,75
3,1,6,2.8,9.837187032859458,0.0,7,44,75
3,1,7,2.8,10.45180198166199,0.0,7,44,75
3,1,8,2.8,11.73850233801925,0.0,7,44,75
3,1,9,2.8,13.06307855564366,0.0,7,44,75
3,1,10,2.8,11.816848195208566,0.0,7,44,75
3,1,11,2.8,11.367806192272791,0.0,7,44,75
3,1,12,3.0,12.030603467881651,0.0,7,44,75
3,1,13,2.8,10.658793902447394,0.0,7,44,75
3,1,14,2.8,10.002148562799707,0.0,7,44,75
3,1,15,2.8,12.575768674591718,0.0,7,44,75
3,1,16,2.8,9.873632112718916,0.0,7,44,75
3,1,17,2.8,15.526745882866003,0.0,7,44,75
3,1,18,2.8,10.2110298736896,0.0,7,44,75
3,1,19,2.8,14.024932777818472,0.0,7,44,75
3,1,20,2.8,11.636232047327825,0.0,7,44,75
3,1,21,2.8,9.012160240538385,0.0,7,44,75
3,1,22,2.8,11.671035738748303,0.0,7,44,75
1,2,1,4.2,8.470747219744867,0.0,7,44,75
1,2,2,3.4,9.552735271910361,0.0,7,44,75
1,2,3,3.0,9.82277213887829,0.0,7,44,75
1,2,4,3.0,9.310664132060412,0.0,7,44,75
1,2,5,3.0,11.942494023040432,0.0,7,44,75
1,2,6,2.8,10.380800292820478,0.0,7,44,75
1,2,7,2.8,12.599360873733012,0.0,7,44,75
1,2,8,2.8,10.789878537403059,0.0,7,44,75
1,2,9,2.8,13.94449790936582,0.0,7,44,75
1,2,10,2.8,13.15187753390007,0.0,7,44,75
1,2,11,2.8,16.870557649959366,0.0,7,44,75
1,2,12,2.8,13.62046472990003,0.0,7,44,75
1,2,13,2.8,13.531642502226418,0.0,7,44,75
1,2,14,2.8,12.732903756577652,0.0,7,44,75
1,2,15,2.8,15.202752060441297,0.0,7,44,75
1,2,16,2.8,11.713013446539579,0.0,7,44,75
1,2,17,3.0,8.196556397758714,0.0,7,44,75
1,2,18,2.8,10.945487108919359,0.0,7,44,75
1,2,19,3.0,11.415670728114371,0.0,7,44,75
1,2,20,2.8,9.527417954395634,0.0,7,44,75
1,2,21,3.2,8.829002391206815,0.0,7,44,75
2,2,1,2.8,13.642965287224074,0.0,7,44,75
2,2,2,2.8,9.591812398014405,0.0,7,44,75
2,2,3,3.2,10.077239828866805,0.0,7,44,75
2,2,4,3.2,9.633911532629927,0.0,7,44,75
2,2,5,3.0,9.320496305155729,0.0,7,44,75
2,2,6,2.8,10.256903427814196,0.0,7,44,75
2,2,7,3.0,10.224721383475389,0.0,7,44,75
2,2,8,2.8,15.201155683496156,0.0,7,44,75
2,2,9,2.8,13.6759319007532,0.0,7,44,75
2,2,10,2.8,11.490069301150948,0.0,7,44,75
2,2,11,2.8,10.363627461629617,0.0,7,44,75
2,2,12,2.8,11.389413136473886,0.0,7,44,75
2,2,13,2.8,14.517051244389192,0.0,7,44,75
2,2,14,2.8,10.074046318767886,0.0,7,44,75
2,2,15,2.8,10.688016995177513,0.0,7,44,75
2,2,16,3.0,9.84131618130223,0.0,7,44,75
2,2,17,2.8,12.005140396492967,0.0,7,44,75
2,2,18,2.8,12.887269035517852,0.0,7,44,75
2,2,19,3.0,10.562428598542763,0.0,7,44,75
2,2,20,2.8,9.365914610862887,0.0,7,44,75
2,2,21,2.8,8.561135049794636,0.0,7,44,75
2,2,22,2.0,20.29405729268137,0.0,4,44,75
3,2,1,2.8,9.449149644122388,0.0,7,44,75
3,2,2,2.8,11.659682046832277,0.0,7,44,75
3,2,3,2.8,11.124043763105924,0.0,7,44,75
3,2,4,2.8,10.409429859127963,0.0,7,44,75
3,2,5,2.8,9.989232621924458,0.0,7,44,75
3,2,6,2.8,10.388583800531748,0.0,7,44,75
3,2,7,2.8,9.861947474202985,0.0,7,44,75
3,2,8,2.8,10.313330815372254,0.0,7,44,75
3,2,9,2.8,13.436145340030837,0.0,7,44,75
3,2,10,2.8,11.169441242729413,0.0,7,44,75
3,2,11,2.8,11.806698668234334,0.0,7,44,75
3,2,12,3.0,13.114020234684162,0.0,7,44,75
3,2,13,2.8,10.334605500952156,0.0,7,44,75
3,2,14,2.8,10.482129342065353,0.0,7,44,75
3,2,15,2.8,12.866786999670376,0.0,7,44,75
3,2,16,3.0,10.191785978497691,0.0,7,44,75
3,2,17,2.8,16.601599005768357,0.0,7,44,75
3,2,18,3.0,10.271973680349724,0.0,7,44,75
3,2,19,2.8,13.077331127767605,0.0,7,44,75
3,2,20,2.8,10.606794526438414,0.0,7,44,75
3,2,21,2.8,9.052735761629888,0.0,7,44,75
3,2,22,2.8,9.976860945572986,0.0,7,44,75
1,3,1,4.2,8.250394250549748,0.0,7,44,75
1,3,2,3.2,12.237350400849659,0.0,7,44,75
1,3,3,3.0,11.09123168941097,0.0,7,44,75
1,3,4,3.0,8.8842482617478,0.0,7,44,75
1,3,5,3.0,10.502262621266748,0.0,7,44,75
1,3,6,2.8,10.17945675391685,0.0,7,44,75
1,3,7,2.8,11.020479272626757,0.0,7,44,75
1,3,8,2.8,11.242020210306547,0.0,7,44,75
1,3,9,2.8,17.428247702882977,0.0,7,44,75
1,3,10,2.8,10.598581069283618,0.0,7,44,75
1,3,11,2.8,18.76169448002526,0.0,7,44,75
1,3,12,2.8,11.970356608190512,0.0,7,44,75
1,3,13,2.8,13.06517660899517,0.0,7,44,75
1,3,14,2.8,12.046657421442395,0.0,7,44,75
1,3,15,2.8,19.384316792285755,0.0,7,44,75
1,3,16,2.8,9.614288580342432,0.0,7,44,75
1,3,17,2.8,9.772462327989828,0.0,7,44,75
1,3,18,3.0,9.680938881011729,0.0,7,44,75
1,3,19,3.2,10.066559722894631,0.0,7,44,75
1,3,20,2.8,9.437887631232725,0.0,7,44,75
1,3,21,2.8,11.840725786903695,0.0,7,44,75
2,3,1,2.8,13.922470945291412,0.0,7,44,75
2,3,2,2.8,11.769919159733275,0.0,7,44,75
2,3,3,3.2,11.391028706310372,0.0,7,44,75
2,3,4,3.2,9.426045643180544,0.0,7,44,75
2,3,5,3.0,10.173166067399086,0.0,7,44,75
2,3,6,2.8,10.171613232499935,0.0,7,44,75
2,3,7,3.0,10.937855601065921,0.0,7,44,75
2,3,8,2.8,14.345448869181238,0.0,7,44,75
2,3,9,2.8,12.30068911258368,0.0,7,44,75
2,3,10,2.8,11.36199806264767,0.0,7,44,75
2,3,11,2.8,10.899211818579147,0.0,7,44,75
2,3,12,2.8,11.496456152771461,0.0,7,44,75
2,3,13,2.8,12.323290076703573,0.0,7,44,75
2,3,14,2.8,11.966189787378367,0.0,7,44,75
2,3,15,2.8,9.523096321391874,0.0,7,44,75
2,3,16,3.0,11.070422564772441,0.0,7,44,75
2,3,17,2.8,10.609822500597994,0.0,7,44,75
2,3,18,2.8,13.336902743480982,0.0,7,44,75
2,3,19,2.8,11.297238759455475,0.0,7,44,75
2,3,20,2.8,8.833385045090361,0.0,7,44,75
2,3,21,3.0,7.956443430266277,0.0,7,44,75
2,3,22,2.0,18.739555669191184,0.0,4,44,75
3,3,1,2.8,8.5748026964825,0.0,7,44,75
3,3,2,2.8,11.420198303486233,0.0,7,44,75
3,3,3,2.8,10.062540521891929,0.0,7,44,75
3,3,4,2.8,9.148260310944341,0.0,7,44,75
3,3,5,2.8,9.552389809229824,0.0,7,44,75
3,3,6,2.8,10.549859348606917,0.0,7,44,75
3,3,7,2.8,10.745611103117529,0.0,7,44,75
3,3,8,2.8,10.24423346290536,0.0,7,44,75
3,3,9,2.8,14.151164550186808,0.0,7,44,75
3,3,10,2.8,11.128793864221608,0.0,7,44,75
3,3,11,2.8,10.313496330887112,0.0,7,44,75
3,3,12,3.6,10.757330553374858,0.125,7,44,75
3,3,13,2.8,10.258168088897968,0.0,7,44,75
3,3,14,2.8,10.355721254577766,0.0,7,44,75
3,3,15,2.8,12.596415217705736,0.0,7,44,75
3,3,16,2.8,10.353769524312128,0.0,7,44,75
3,3,17,2.8,12.863061653937942,0.0,7,44,75
3,3,18,2.8,12.234127046263751,0.0,7,44,75
3,3,19,2.8,10.580862346855753,0.0,7,44,75
3,3,20,2.8,11.016279333192212,0.0,7,44,75
3,3,21,2.8,7.567330088714142,0.0,7,44,75
3,3,22,2.8,10.148498917618312,0.0,7,44,75
1,4,1,4.2,8.628423146148968,0.0,7,44,75
1,4,2,3.4,10.029722553111009,0.0,7,44,75
1,4,3,3.0,11.047297911331858,0.0,7,44,75
1,4,4,3.0,9.339524662657656,0.0,7,44,75
1,4,5,3.0,11.272304140450386,0.0,7,44,75
1,4,6,2.8,10.789714649038697,0.0,7,44,75
1,4,7,2.8,11.949755279086299,0.0,7,44,75
1,4,8,2.8,10.966604405971372,0.0,7,44,75
1,4,9,2.8,12.84473600837524,0.0,7,44,75
1,4,10,2.8,10.992636957927619,0.0,7,44,75
1,4,11,2.8,13.658516275838554,0.0,7,44,75
1,4,12,2.8,13.620464729899995,0.0,7,44,75
1,4,13,2.8,11.901416267324038,0.0,7,44,75
1,4,14,2.8,12.418034367280283,0.0,7,44,75
1,4,15,2.8,15.164494345391956,0.0,7,44,75
1,4,16,2.8,12.088978172255038,0.0,7,44,75
1,4,17,2.8,9.391457412325735,0.0,7,44,75
1,4,18,3.0,10.143302235859174,0.0,7,44,75
1,4,19,2.8,10.539683434574638,0.0,7,44,75
1,4,20,2.8,11.07899004809906,0.0,7,44,75
1,4,21,3.0,9.191216529849923,0.0,7,44,75
2,4,1,3.0,12.816864137044913,0.0,7,44,75
2,4,2,3.2,9.811980921539648,0.0,7,44,75
2,4,3,3.4,9.44056731220948,0.0,7,44,75
2,4,4,3.4,8.362087989435874,0.0,7,44,75
2,4,5,2.8,13.08579091732105,0.0,7,44,75
2,4,6,2.8,9.190932802767563,0.0,7,44,75
2,4,7,3.0,12.049868121223492,0.0,7,44,75
2,4,8,2.8,11.94665264561132,0.0,7,44,75
2,4,9,2.8,13.121459946776035,0.0,7,44,75
2,4,10,2.8,10.91747993131104,0.0,7,44,75
2,4,11,2.8,11.228355141404256,0.0,7,44,75
2,4,12,2.8,11.114402604581462,0.0,7,44,75
2,4,13,2.8,11.48220541624799,0.0,7,44,75
2,4,14,2.8,11.261421559127337,0.0,7,44,75
2,4,15,3.0,8.985559555538591,0.0,7,44,75
2,4,16,2.8,11.47143081223967,0.0,7,44,75
2,4,17,2.8,11.763144299486484,0.0,7,44,75
2,4,18,2.8,13.46850214766786,0.0,7,44,75
2,4,19,3.0,11.045099293713266,0.0,7,44,75
2,4,20,2.8,8.418855693674034,0.0,7,44,75
2,4,21,3.0,9.12904192368667,0.0,7,44,75
3,4,1,3.0,9.575581894502948,0.0,7,44,75
3,4,2,2.8,10.801455800384433,0.0,7,44,75
3,4,3,3.2,10.725866748609135,0.0,7,44,75
3,4,4,2.8,8.110913796880949,0.0,7,44,75
3,4,5,2.8,8.677672788576583,0.0,7,44,75
3,4,6,2.8,9.584406376648746,0.0,7,44,75
3,4,7,3.0,9.488095012221619,0.0,7,44,75
3,4,8,2.8,9.854069441151251,0.0,7,44,75
3,4,9,2.8,13.844318034487793,0.0,7,44,75
3,4,10,2.8,10.204185443044539,0.0,7,44,75
3,4,11,2.8,12.758771013947763,0.0,7,44,75
3,4,12,3.0,15.490246957417344,0.0,7,44,75
3,4,13,2.8,10.921083630743142,0.0,7,44,75
3,4,14,2.8,9.72086015781334,0.0,7,44,75
3,4,15,2.8,15.669005555846823,0.0,7,44,75
3,4,16,2.8,11.452035484020232,0.0,7,44,75
3,4,17,2.8,14.103880606529422,0.0,7,44,75
3,4,18,2.8,10.234753469989892,0.0,7,44,75
3,4,19,2.8,11.893982526002919,0.0,7,44,75
3,4,20,2.8,10.953617675100396,0.0,7,44,75
3,4,21,2.8,9.067465074846805,0.0,7,44,75
3,4,22,2.8,11.391483462220108,0.0,7,44,75
1,5,1,4.2,7.873118893968575,0.0,7,44,75
1,5,2,3.4,9.8013356995674,0.0,7,44,75
1,5,3,3.0,10.619013941597368,0.0,7,44,75
1,5,4,3.0,10.05648956153281,0.0,7,44,75
1,5,5,2.8,11.299516532904045,0.0,7,44,75
1,5,6,2.8,9.719723998524922,0.0,7,44,75
1,5,7,3.0,11.30404476399619,0.0,7,44,75
1,5,8,2.8,12.040281750902652,0.0,7,44,75
1,5,9,2.8,15.28890821697199,0.0,7,44,75
1,5,10,2.8,11.696762983375303,0.0,7,44,75
1,5,11,2.8,17.818364308254118,0.0,7,44,75
1,5,12,2.8,16.18053387173116,0.0,7,44,75
1,5,13,2.8,13.87435090820669,0.0,7,44,75
1,5,14,2.8,11.786523520286645,0.0,7,44,75
1,5,15,2.8,12.518301410444703,0.0,7,44,75
1,5,16,2.8,14.031218429502553,0.0,7,44,75
1,5,17,2.8,9.49504240122655,0.0,7,44,75
1,5,18,3.0,10.663849607009869,0.0,7,44,75
1,5,19,2.8,10.014228815834887,0.0,7,44,75
1,5,20,2.8,9.752196859363249,0.0,7,44,75
1,5,21,3.0,8.68768185291729,0.0,7,44,75
2,5,1,2.8,15.127732190148524,0.0,7,44,75
2,5,2,2.8,9.807137152448483,0.0,7,44,75
2,5,3,4.0,8.282466570374881,0.125,7,44,75
2,5,4,2.8,11.133502217285905,0.0,7,44,75
2,5,5,2.8,11.491046057855336,0.0,7,44,75
2,5,6,2.8,12.23985122434539,0.0,7,44,75
2,5,7,3.0,13.92639480214697,0.0,7,44,75
2,5,8,2.8,13.192491194552824,0.0,7,44,75
2,5,9,2.8,16.833379646385566,0.0,7,44,75
2,5,10,2.8,12.508308759012813,0.0,7,44,75
2,5,11,2.8,11.221503097121229,0.0,7,44,75
2,5,12,2.8,15.174912354052575,0.0,7,44,75
2,5,13,2.8,12.621531716636426,0.0,7,44,75
2,5,14,2.8,11.907224159558707,0.0,7,44,75
2,5,15,3.0,8.936536189536469,0.0,7,44,75
2,5,16,2.8,10.360693985198779,0.0,7,44,75
2,5,17,2.8,10.62487197781462,0.0,7,44,75
2,5,18,2.8,12.048455349240422,0.0,7,44,75
2,5,19,3.0,10.493320603182807,0.0,7,44,75
2,5,20,2.8,8.916402350966134,0.0,7,44,75
2,5,21,2.8,9.33239262662197,0.0,7,44,75
3,5,1,2.8,9.138539800255149,0.0,7,44,75
3,5,2,2.8,10.719639083748758,0.0,7,44,75
3,5,3,2.8,10.67738246452824,0.0,7,44,75
3,5,4,2.8,9.984594755603101,0.0,7,44,75
3,5,5,2.8,8.550772849419857,0.0,7,44,75
3,5,6,2.8,10.11372449243613,0.0,7,44,75
3,5,7,2.8,9.846071197592824,0.0,7,44,75
3,5,8,2.8,11.07931293976678,0.0,7,44,75
3,5,9,2.8,12.011259699284174,0.0,7,44,75
3,5,10,2.8,12.242614548398828,0.0,7,44,75
3,5,11,2.8,11.325704951039768,0.0,7,44,75
3,5,12,3.0,14.48012441155652,0.0,7,44,75
3,5,13,2.8,10.2824816969637,0.0,7,44,75
3,5,14,2.8,9.825398666780815,0.0,7,44,75
3,5,15,2.8,12.498670761446423,0.0,7,44,75
3,5,16,3.0,10.260175263913586,0.0,7,44,75
3,5,17,2.8,13.919085221464274,0.0,7,44,75
3,5,18,3.0,9.826384716930802,0.0,7,44,75
3,5,19,2.8,13.133494400822613,0.0,7,44,75
3,5,20,2.8,11.747695247420053,0.0,7,44,75
3,5,21,2.8,9.502832533527284,0.0,7,44,75
3,5,22,2.8,10.278665763467794,0.0,7,44,75
1,6,1,4.2,9.029208355356474,0.0,7,44,75
1,6,2,3.4,9.077844943544953,0.0,7,44,75
1,6,3,3.0,10.600334124161279,0.0,7,44,75
1,6,4,3.0,8.618241070260945,0.0,7,44,75
1,6,5,3.0,12.06201768199205,0.0,7,44,75
1,6,6,2.8,11.735264042943456,0.0,7,44,75
1,6,7,2.8,12.069425055606413,0.0,7,44,75
1,6,8,2.8,10.526016139413871,0.0,7,44,75
1,6,9,2.8,16.063249401931397,0.0,7,44,75
1,6,10,2.8,11.765273596995115,0.0,7,44,75
1,6,11,2.8,17.50775221673937,0.0,7,44,75
1,6,12,2.8,11.646196391784576,0.0,7,44,75
1,6,13,2.8,12.068260127796298,0.0,7,44,75
1,6,14,2.8,14.237035631096786,0.0,7,44,75
1,6,15,2.8,19.046958669600183,0.0,7,44,75
1,6,16,2.8,11.713013446539604,0.0,7,44,75
1,6,17,2.8,9.647048229487558,0.0,7,44,75
1,6,18,3.0,10.797604085599858,0.0,7,44,75
1,6,19,3.0,10.18127994965587,0.0,7,44,75
1,6,20,2.8,10.001817517934482,0.0,7,44,75
1,6,21,3.0,10.18929008805481,0.0,7,44,75
2,6,1,3.4,12.71500099066672,0.0,7,44,75
2,6,2,3.0,9.943118248307492,0.0,7,44,75
2,6,3,3.8,7.343527635387476,0.0,7,44,75
2,6,4,3.2,9.240527196945616,0.0,7,44,75
2,6,5,2.8,10.213795716211614,0.0,7,44,75
2,6,6,2.8,10.645749428734362,0.0,7,44,75
2,6,7,3.2,10.163965616861896,0.0,7,44,75
2,6,8,2.8,11.989322102108867,0.0,7,44,75
2,6,9,2.8,14.385280327833096,0.0,7,44,75
2,6,10,2.8,10.188178038543597,0.0,7,44,75
2,6,11,2.8,12.933281655474067,0.0,7,44,75
2,6,12,2.8,12.251139014811395,0.0,7,44,75
2,6,13,2.8,11.83891513842085,0.0,7,44,75
2,6,14,2.8,11.020346952744296,0.0,7,44,75
2,6,15,3.0,10.358536923275583,0.0,7,44,75
2,6,16,2.8,13.429309042144977,0.0,7,44,75
2,6,17,2.8,10.551806531151716,0.0,7,44,75
2,6,18,3.0,12.608340051449348,0.0,7,44,75
2,6,19,3.0,8.632375886062121,0.0,7,44,75
2,6,20,2.8,7.785181330885701,0.0,7,44,75
2,6,21,2.8,10.87949211947041,0.0,7,44,75
3,6,1,2.8,9.463770740431961,0.0,7,44,75
3,6,2,2.8,10.814410202327075,0.0,7,44,75
3,6,3,2.8,10.230863313290014,0.0,7,44,75
3,6,4,2.8,9.134597158520986,0.0,7,44,75
3,6,5,2.8,10.054921798102667,0.0,7,44,75
3,6,6,2.8,10.181066706843136,0.0,7,44,75
3,6,7,2.8,10.34572374279367,0.0,7,44,75
3,6,8,2.8,10.075474069000938,0.0,7,44,75
3,6,9,2.8,12.178680664007791,0.0,7,44,75
3,6,10,2.8,13.308168538727356,0.0,7,44,75
3,6,11,2.8,11.242431134223665,0.0,7,44,75
3,6,12,3.0,16.24983422781441,0.0,7,44,75
3,6,13,2.8,10.677401771859417,0.0,7,44,75
3,6,14,2.8,9.50474733205078,0.0,7,44,75
3,6,15,2.8,12.70640083091499,0.0,7,44,75
3,6,16,2.8,11.031168990245149,0.0,7,44,75
3,6,17,2.8,16.09892002045017,0.0,7,44,75
3,6,18,2.8,10.545544535617866,0.0,7,44,75
3,6,19,2.8,12.205657841923673,0.0,7,44,75
3,6,20,2.8,10.988161758798059,0.0,7,44,75
3,6,21,2.8,9.012160240538446,0.0,7,44,75
3,6,22,2.8,10.365559201443084,0.0,7,44,75
1,7,1,4.2,8.77927131188866,0.0,7,44,75
1,7,2,3.4,9.403664077504562,0.0,7,44,75
1,7,3,3.0,10.563170955137597,0.0,7,44,75
1,7,4,3.0,10.476079752398752,0.0,7,44,75
1,7,5,3.0,11.96620887915692,0.0,7,44,75
1,7,6,2.8,10.327428331505311,0.0,7,44,75
1,7,7,2.8,11.174200635298822,0.0,7,44,75
1,7,8,2.8,11.44568742417949,0.0,7,44,75
1,7,9,2.8,15.250216201202736,0.0,7,44,75
1,7,10,2.8,12.26828045117776,0.0,7,44,75
1,7,11,2.8,15.523318820916156,0.0,7,44,75
1,7,12,2.8,13.651320434544619,0.0,7,44,75
1,7,13,2.8,12.36542946466093,0.0,7,44,75
1,7,14,2.8,13.149679827396218,0.0,7,44,75
1,7,15,2.8,14.756025536717837,0.0,7,44,75
1,7,16,2.8,11.274711929479176,0.0,7,44,75
1,7,17,2.8,8.775982787971586,0.0,7,44,75
1,7,18,3.0,10.797604085599836,0.0,7,44,75
1,7,19,3.0,11.019056467963164,0.0,7,44,75
1,7,20,2.8,9.364554402687972,0.0,7,44,75
1,7,21,3.4,7.856057597710002,0.0,7,44,75
2,7,1,2.8,16.383988185615618,0.0,7,44,75
2,7,2,2.8,9.698279742743916,0.0,7,44,75
2,7,3,3.2,11.244432901016546,0.0,7,44,75
2,7,4,3.2,10.351333430307992,0.0,7,44,75
2,7,5,3.0,10.023120014987104,0.0,7,44,75
2,7,6,2.8,10.649823633774593,0.0,7,44,75
2,7,7,3.0,12.401644308208693,0.0,7,44,75
2,7,8,2.8,13.373081602836049,0.0,7,44,75
2,7,9,2.8,12.553156559071589,0.0,7,44,75
2,7,10,2.8,10.17156240191132,0.0,7,44,75
2,7,11,2.8,9.64455961200196,0.0,7,44,75
2,7,12,2.8,12.985376126280704,0.0,7,44,75
2,7,13,2.8,12.176089753846906,0.0,7,44,75
2,7,14,2.8,10.746690321331894,0.0,7,44,75
2,7,15,2.8,10.071985024823496,0.0,7,44,75
2,7,16,3.0,10.68366616984703,0.0,7,44,75
2,7,17,2.8,10.854609687965038,0.0,7,44,75
2,7,18,2.8,12.025731293579664,0.0,7,44,75
2,7,19,3.0,11.221313247481298,0.0,7,44,75
2,7,20,2.8,10.026112648957575,0.0,7,44,75
2,7,21,2.8,8.249362067344668,0.0,7,44,75
2,7,22,2.0,19.642302436470317,0.0,4,44,75
3,7,1,2.8,9.62764086266338,0.0,7,44,75
3,7,2,2.8,12.493275034992811,0.0,7,44,75
3,7,3,2.8,11.267497276927925,0.0,7,44,75
3,7,4,2.8,8.607519884890928,0.0,7,44,75
3,7,5,2.8,8.96435456981494,0.0,7,44,75
3,7,6,2.8,10.513589088972351,0.0,7,44,75
3,7,7,2.8,9.479805180505682,0.0,7,44,75
3,7,8,2.8,11.517451541346933,0.0,7,44,75
3,7,9,2.8,11.757273074110351,0.0,7,44,75
3,7,10,2.8,11.636979773914518,0.0,7,44,75
3,7,11,2.8,11.180774984872947,0.0,7,44,75
3,7,12,3.0,12.396363263412574,0.0,7,44,75
3,7,13,2.8,11.003980054310231,0.0,7,44,75
3,7,14,2.8,10.73981931802782,0.0,7,44,75
3,7,15,2.8,14.01681109264532,0.0,7,44,75
3,7,16,3.0,10.329488566139629,0.0,7,44,75
3,7,17,2.8,17.25740667141957,0.0,7,44,75
3,7,18,3.0,9.610223251575619,0.0,7,44,75
3,7,19,2.8,11.814284063588746,0.0,7,44,75
3,7,20,2.8,10.551896223188091,0.0,7,44,75
3,7,21,2.8,10.62545151892781,0.0,7,44,75
3,7,22,2.8,10.508245366915409,0.0,7,44,75
1,8,1,4.2,9.293793324144492,0.0,7,44,75
1,8,2,3.2,11.233595378923638,0.0,7,44,75
1,8,3,3.0,12.141549240966732,0.0,7,44,75
1,8,4,3.2,8.698499064324537,0.0,7,44,75
1,8,5,3.0,10.505864461026956,0.0,7,44,75
1,8,6,2.8,10.581308323939522,0.0,7,44,75
1,8,7,2.8,12.216231105996231,0.0,7,44,75
1,8,8,2.8,9.985316071932713,0.0,7,44,75
1,8,9,2.8,13.47671217265545,0.0,7,44,75
1,8,10,2.8,10.056996008407507,0.0,7,44,75
1,8,11,2.8,14.726651916760913,0.0,7,44,75
1,8,12,2.8,12.648441297723654,0.0,7,44,75
1,8,13,2.8,12.467765052213684,0.0,7,44,75
1,8,14,2.8,11.786523520286645,0.0,7,44,75
1,8,15,2.8,12.313660968507863,0.0,7,44,75
1,8,16,2.8,13.172426261939659,0.0,7,44,75
1,8,17,3.0,8.425769740957888,0.0,7,44,75
1,8,18,2.8,12.671726533735782,0.0,7,44,75
1,8,19,3.0,9.461894150934476,0.0,7,44,75
1,8,20,2.8,8.920929337099873,0.0,7,44,75
1,8,21,3.4,9.129585207416127,0.0,7,44,75
2,8,1,3.0,12.925207495990772,0.0,7,44,75
2,8,2,3.2,9.31864104807858,0.0,7,44,75
2,8,3,3.6,8.847326896708998,0.0,7,44,75
2,8,4,3.2,8.675717794282992,0.0,7,44,75
2,8,5,2.8,14.618350734952237,0.0,7,44,75
2,8,6,2.8,9.655229023873032,0.0,7,44,75
2,8,7,3.0,12.218374665456432,0.0,7,44,75
2,8,8,2.8,13.933434991770625,0.0,7,44,75
2,8,9,2.8,13.80252985179606,0.0,7,44,75
2,8,10,2.8,10.022919566989637,0.0,7,44,75
2,8,11,2.8,11.374529303950212,0.0,7,44,75
2,8,12,2.8,12.734277496741703,0.0,7,44,75
2,8,13,2.8,11.635108694538028,0.0,7,44,75
2,8,14,2.8,10.470950152617434,0.0,7,44,75
2,8,15,2.8,10.074443821470032,0.0,7,44,75
2,8,16,2.8,10.427652998500463,0.0,7,44,75
2,8,17,2.8,11.650649085795177,0.0,7,44,75
2,8,18,2.8,11.720772953594217,0.0,7,44,75
2,8,19,3.2,10.13933587524173,0.0,7,44,75
2,8,20,2.8,7.876739299075454,0.0,7,44,75
2,8,21,2.8,10.256337551038598,0.0,7,44,75
3,8,1,2.8,10.054995608199642,0.0,7,44,75
3,8,2,2.8,11.484530911956803,0.0,7,44,75
3,8,3,2.8,10.603338372561746,0.0,7,44,75
3,8,4,2.8,8.705533501103154,0.0,7,44,75
3,8,5,2.8,10.631713357108834,0.0,7,44,75
3,8,6,2.8,10.406259393601626,0.0,7,44,75
3,8,7,2.8,10.541876532001599,0.0,7,44,75
3,8,8,2.8,10.940581695065518,0.0,7,44,75
3,8,9,2.8,14.837780883055988,0.0,7,44,75
3,8,10,2.8,11.703785066715696,0.0,7,44,75
3,8,11,2.8,12.532487026327871,0.0,7,44,75
3,8,12,3.0,13.70159052685376,0.0,7,44,75
3,8,13,2.8,9.964196223766717,0.0,7,44,75
3,8,14,2.8,10.702233466707694,0.0,7,44,75
3,8,15,2.8,11.664381617912486,0.0,7,44,75
3,8,16,2.8,12.029187669724472,0.0,7,44,75
3,8,17,2.8,12.161498266050218,0.0,7,44,75
3,8,18,2.8,9.366591632129866,0.0,7,44,75
3,8,19,2.8,12.50512801904703,0.0,7,44,75
3,8,20,2.8,11.680678123421004,0.0,7,44,75
3,8,21,2.8,10.354859636304864,0.0,7,44,75
3,8,22,3.0,9.289451587914762,0.0,7,44,75
1,9,1,4.2,9.953915459364396,0.0,7,44,75
1,9,2,3.4,11.395299019227222,0.0,7,44,75
1,9,3,2.8,11.657412433711045,0.0,7,44,75
1,9,4,3.2,9.41910657346662,0.0,7,44,75
1,9,5,3.0,11.024827267439242,0.0,7,44,75
1,9,6,2.8,10.828491881671901,0.0,7,44,75
1,9,7,2.8,10.911173733113602,0.0,7,44,75
1,9,8,2.8,11.68992654655653,0.0,7,44,75
1,9,9,2.8,12.170258877181624,0.0,7,44,75
1,9,10,2.8,11.629045641644755,0.0,7,44,75
1,9,11,2.8,15.171574873358487,0.0,7,44,75
1,9,12,2.8,16.224097322268342,0.0,7,44,75
1,9,13,2.8,12.867092510654174,0.0,7,44,75
1,9,14,2.8,13.294735178905619,0.0,7,44,75
1,9,15,2.8,11.923816531228322,0.0,7,44,75
1,9,16,2.8,13.230266924615842,0.0,7,44,75
1,9,17,3.0,8.321057012598155,0.0,7,44,75
1,9,18,2.8,12.487906704064994,0.0,7,44,75
1,9,19,3.0,10.129934830361679,0.0,7,44,75
1,9,20,2.8,9.727349804834736,0.0,7,44,75
1,9,21,2.8,11.265206716531354,0.0,7,44,75
2,9,1,3.4,11.539501300967167,0.0,7,44,75
2,9,2,3.2,9.51659569471315,0.0,7,44,75
2,9,3,4.2,7.034312167169924,0.125,7,44,75
2,9,4,2.8,11.91944754521826,0.0,7,44,75
2,9,5,2.8,12.76563034444499,0.0,7,44,75
2,9,6,2.8,10.6191131957938,0.0,7,44,75
2,9,7,3.6,10.0731912230785,0.125,7,44,75
2,9,8,2.8,12.051041718916187,0.0,7,44,75
2,9,9,2.8,14.39302333993392,0.0,7,44,75
2,9,10,2.8,9.131960354899578,0.0,7,44,75
2,9,11,2.8,11.958412585233873,0.0,7,44,75
2,9,12,2.8,13.337595521456748,0.0,7,44,75
2,9,13,2.8,10.927779195131269,0.0,7,44,75
2,9,14,2.8,9.867438660774862,0.0,7,44,75
2,9,15,3.6,8.615227412569611,0.125,7,44,75
2,9,16,2.8,11.836794176547894,0.0,7,44,75
2,9,17,2.8,10.143737319895006,0.0,7,44,75
2,9,18,2.8,11.502111923500545,0.0,7,44,75
2,9,19,2.8,8.558847512717811,0.0,7,44,75
2,9,20,2.8,8.36571544156764,0.0,7,44,75
3,9,1,2.8,9.291249497123253,0.0,7,44,75
3,9,2,2.8,10.000969718628856,0.0,7,44,75
3,9,3,2.8,10.079123151252753,0.0,7,44,75
3,9,4,2.8,9.668904829093933,0.0,7,44,75
3,9,5,2.8,9.522644218993186,0.0,7,44,75
3,9,6,2.8,10.810931668080022,0.0,7,44,75
3,9,7,2.8,9.479805180505682,0.0,7,44,75
3,9,8,2.8,11.604865237992792,0.0,7,44,75
3,9,9,2.8,13.831147301173482,0.0,7,44,75
3,9,10,2.8,10.373758614408729,0.0,7,44,75
3,9,11,2.8,11.693828749306393,0.0,7,44,75
3,9,12,3.0,14.759676091882822,0.0,7,44,75
3,9,13,2.8,11.003980054310139,0.0,7,44,75
3,9,14,2.8,10.702233466707781,0.0,7,44,75
3,9,15,2.8,13.05909809243128,0.0,7,44,75
3,9,16,2.8,11.706838205767198,0.0,7,44,75
3,9,17,2.8,12.308343871321306,0.0,7,44,75
3,9,18,2.8,10.228105937315803,0.0,7,44,75
3,9,19,2.8,12.42889119722864,0.0,7,44,75
3,9,20,2.8,11.067698050322903,0.0,7,44,75
3,9,21,2.8,8.907162185999896,0.0,7,44,75
3,9,22,2.8,11.119357999696588,0.0,7,44,75
1,10,1,4.2,8.975414451816595,0.0,7,44,75
1,10,2,3.4,9.706608886321506,0.0,7,44,75
1,10,3,3.0,10.489620904712748,0.0,7,44,75
1,10,4,3.0,9.561817445181886,0.0,7,44,75
1,10,5,3.0,10.807330997214425,0.0,7,44,75
1,10,6,2.8,12.361148124700886,0.0,7,44,75
1,10,7,2.8,11.515866791738826,0.0,7,44,75
1,10,8,2.8,9.80656837928395,0.0,7,44,75
1,10,9,2.8,14.308719097263742,0.0,7,44,75
1,10,10,2.8,12.369007806699969,0.0,7,44,75
1,10,11,2.8,13.596879254491462,0.0,7,44,75
1,10,12,2.8,14.098460164327754,0.0,7,44,75
1,10,13,2.8,12.390855542970888,0.0,7,44,75
1,10,14,2.8,12.094040703041331,0.0,7,44,75
1,10,15,2.8,15.59622101891678,0.0,7,44,75
1,10,16,2.8,12.75422998601506,0.0,7,44,75
1,10,17,2.8,9.555266259446,0.0,7,44,75
1,10,18,3.0,10.778291243233763,0.0,7,44,75
1,10,19,3.0,10.61157086964728,0.0,7,44,75
1,10,20,3.0,8.987210435448521,0.0,7,44,75
1,10,21,3.2,9.429861380148886,0.0,7,44,75
2,10,1,3.2,12.997029344802296,0.0,7,44,75
2,10,2,2.8,9.695703466836086,0.0,7,44,75
2,10,3,3.2,10.803809795332562,0.0,7,44,75
2,10,4,3.4,9.253071854993378,0.0,7,44,75
2,10,5,2.8,12.243591569785705,0.0,7,44,75
2,10,6,2.8,11.148031395415734,0.0,7,44,75
2,10,7,3.0,10.37867755050765,0.0,7,44,75
2,10,8,2.8,11.92590564660058,0.0,7,44,75
2,10,9,2.8,13.660105139306538,0.0,7,44,75
2,10,10,2.8,11.050158987598312,0.0,7,44,75
2,10,11,2.8,9.731843502292985,0.0,7,44,75
2,10,12,2.8,11.662898631392583,0.0,7,44,75
2,10,13,2.8,12.983501185200716,0.0,7,44,75
2,10,14,2.8,12.303001405995916,0.0,7,44,75
2,10,15,3.0,8.250695161432464,0.0,7,44,75
2,10,16,2.8,11.653969877620177,0.0,7,44,75
2,10,17,2.8,10.093357834735585,0.0,7,44,75
2,10,18,2.8,13.748284000137263,0.0,7,44,75
2,10,19,3.0,11.186754721053362,0.0,7,44,75
2,10,20,2.8,8.051537134906775,0.0,7,44,75
2,10,21,3.0,9.132139232034355,0.0,7,44,75
3,10,1,3.0,8.48612188698775,0.0,7,44,75
3,10,2,3.2,8.682985054704629,0.0,7,44,75
3,10,3,3.0,11.59143975586454,0.0,7,44,75
3,10,4,2.8,8.625823107091295,0.0,7,44,75
3,10,5,2.8,10.702913056930068,0.0,7,44,75
3,10,6,2.8,8.802125726090194,0.0,7,44,75
3,10,7,2.8,12.166347215445152,0.0,7,44,75
3,10,8,2.8,9.516743558040353,0.0,7,44,75
3,10,9,2.8,15.33713767031897,0.0,7,44,75
3,10,10,2.8,10.72300438540916,0.0,7,44,75
3,10,11,2.8,12.758771013947763,0.0,7,44,75
3,10,12,3.0,13.811230502063482,0.0,7,44,75
3,10,13,2.8,10.042418989917575,0.0,7,44,75
3,10,14,2.8,9.194757522672875,0.0,7,44,75
3,10,15,2.8,15.354314177703687,0.0,7,44,75
3,10,16,2.8,9.280013137783666,0.0,7,44,75
3,10,17,2.8,12.777909821348096,0.0,7,44,75
3,10,18,2.8,11.885568603518674,0.0,7,44,75
3,10,19,2.8,11.734246257732595,0.0,7,44,75
3,10,20,2.8,9.002700799738578,0.0,7,44,75
3,10,21,2.8,8.524059817574805,0.0,7,44,75
3,10,22,2.8,10.788657504279321,0.0,7,44,75
1,11,1,4.2,9.544025057673432,0.0,7,44,75
1,11,2,3.4,10.900583433465275,0.0,7,44,75
1,11,3,3.0,10.310150159763383,0.0,7,44,75
1,11,4,3.0,10.006392290531902,0.0,7,44,75
1,11,5,3.0,10.90511949348135,0.0,7,44,75
1,11,6,2.8,10.867548843171974,0.0,7,44,75
1,11,7,2.8,11.949755279086286,0.0,7,44,75
1,11,8,2.8,12.361363227857948,0.0,7,44,75
1,11,9,2.8,11.518875297853299,0.0,7,44,75
1,11,10,2.8,12.095899690077298,0.0,7,44,75
1,11,11,2.8,17.610079296588562,0.0,7,44,75
1,11,12,2.8,12.975257147851945,0.0,7,44,75
1,11,13,2.8,12.758125218937014,0.0,7,44,75
1,11,14,2.8,14.038038808087798,0.0,7,44,75
1,11,15,2.8,16.90911741951832,0.0,7,44,75
1,11,16,2.8,12.835731373113646,0.0,7,44,75
1,11,17,3.0,8.859327821621028,0.0,7,44,75
1,11,18,2.8,11.210191009285921,0.0,7,44,75
1,11,19,3.0,9.597521910897022,0.0,7,44,75
1,11,20,2.8,11.067221740142026,0.0,7,44,75
1,11,21,2.8,11.523719468395228,0.0,7,44,75
2,11,1,2.8,15.873715337374465,0.0,7,44,75
2,11,2,2.8,10.443484552794379,0.0,7,44,75
2,11,3,3.2,10.127298516626624,0.0,7,44,75
2,11,4,3.2,8.969849474734637,0.0,7,44,75
2,11,5,3.0,11.03591695699122,0.0,7,44,75
2,11,6,2.8,10.781234705240799,0.0,7,44,75
2,11,7,3.0,11.428368771842957,0.0,7,44,75
2,11,8,2.8,12.102848757974254,0.0,7,44,75
2,11,9,2.8,12.951906758747482,0.0,7,44,75
2,11,10,2.8,12.274063657673294,0.0,7,44,75
2,11,11,2.8,11.036889270072045,0.0,7,44,75
2,11,12,2.8,12.957864834746765,0.0,7,44,75
2,11,13,2.8,12.423416966116182,0.0,7,44,75
2,11,14,2.8,11.450905893359717,0.0,7,44,75
2,11,15,2.8,10.240626581151542,0.0,7,44,75
2,11,16,3.0,10.683666169847116,0.0,7,44,75
2,11,17,2.8,10.236899762849024,0.0,7,44,75
2,11,18,2.8,13.108231230655651,0.0,7,44,75
2,11,19,3.0,10.091861216979527,0.0,7,44,75
2,11,20,2.8,8.459143592387525,0.0,7,44,75
2,11,21,2.8,7.817075700047303,0.0,7,44,75
2,11,22,2.0,19.331875508027196,0.0,4,44,75
3,11,1,2.8,9.828774924352489,0.0,7,44,75
3,11,2,2.8,12.467807355006657,0.0,7,44,75
3,11,3,2.8,10.112452916889074,0.0,7,44,75
3,11,4,2.8,9.699572647379581,0.0,7,44,75
3,11,5,2.8,10.07147930565915,0.0,7,44,75
3,11,6,2.8,10.477567368092378,0.0,7,44,75
3,11,7,2.8,11.036465331106948,0.0,7,44,75
3,11,8,2.8,11.829316869644707,0.0,7,44,75
3,11,9,2.8,11.757273074110351,0.0,7,44,75
3,11,10,2.8,12.366382975731536,0.0,7,44,75
3,11,11,2.8,11.945052371369933,0.0,7,44,75
3,11,12,3.0,11.531578965048691,0.0,7,44,75
3,11,13,2.8,12.773584993277668,0.0,7,44,75
3,11,14,2.8,10.66490977426474,0.0,7,44,75
3,11,15,2.8,13.984761148752174,0.0,7,44,75
3,11,16,2.8,10.991519985771975,0.0,7,44,75
3,11,17,2.8,13.998626364935253,0.0,7,44,75
3,11,18,2.8,10.2110298736896,0.0,7,44,75
3,11,19,2.8,12.846590002167407,0.0,7,44,75
3,11,20,2.8,10.94882075962059,0.0,7,44,75
3,11,21,2.8,9.22976199358663,0.0,7,44,75
3,11,22,2.8,11.921270492453933,0.0,7,44,75
1,12,1,4.2,8.591517615292666,0.0,7,44,75
1,12,2,3.4,9.979890950791887,0.0,7,44,75
1,12,3,3.0,9.711954818368113,0.0,7,44,75
1,12,4,3.0,11.259019304344694,0.0,7,44,75
1,12,5,2.8,11.831989752912483,0.0,7,44,75
1,12,6,2.8,10.248707197652234,0.0,7,44,75
1,12,7,2.8,11.000361665254038,0.0,7,44,75
1,12,8,2.8,10.318061443085988,0.0,7,44,75
1,12,9,2.8,15.58070849077496,0.0,7,44,75
1,12,10,2.8,10.905469821190808,0.0,7,44,75
1,12,11,2.8,20.074191412711397,0.0,7,44,75
1,12,12,2.8,11.192212619476562,0.0,7,44,75
1,12,13,2.8,11.97474201108999,0.0,7,44,75
1,12,14,2.8,14.907642922374517,0.0,7,44,75
1,12,15,2.8,16.336396296088186,0.0,7,44,75
1,12,16,2.8,11.122681409328617,0.0,7,44,75
1,12,17,2.8,10.52335857222773,0.0,7,44,75
1,12,18,3.2,9.427331101596556,0.0,7,44,75
1,12,19,3.0,10.198510852094829,0.0,7,44,75
1,12,20,2.8,10.257186002126037,0.0,7,44,75
1,12,21,3.0,10.120837597177049,0.0,7,44,75
2,12,1,2.8,16.25336890918075,0.0,7,44,75
2,12,2,2.8,10.533415182746456,0.0,7,44,75
2,12,3,3.2,10.638132776310778,0.0,7,44,75
2,12,4,3.2,10.49341114881117,0.0,7,44,75
2,12,5,3.0,9.782643096100472,0.0,7,44,75
2,12,6,2.8,11.869203448097258,0.0,7,44,75
2,12,7,3.0,10.596741227494414,0.0,7,44,75
2,12,8,2.8,14.278468311439243,0.0,7,44,75
2,12,9,2.8,11.470214282674593,0.0,7,44,75
2,12,10,2.8,12.499829359615894,0.0,7,44,75
2,12,11,2.8,10.259322557571291,0.0,7,44,75
2,12,12,2.8,12.431124172216219,0.0,7,44,75
2,12,13,2.8,11.754858345790222,0.0,7,44,75
2,12,14,2.8,10.765606623418385,0.0,7,44,75
2,12,15,2.8,9.813414975615496,0.0,7,44,75
2,12,16,3.0,11.070422564772485,0.0,7,44,75
2,12,17,2.8,11.443585312222982,0.0,7,44,75
2,12,18,2.8,13.080197467864366,0.0,7,44,75
2,12,19,3.0,9.60077014844815,0.0,7,44,75
2,12,20,2.8,9.556153661867187,0.0,7,44,75
2,12,21,2.8,8.205094369489327,0.0,7,44,75
2,12,22,2.0,17.40625630500808,0.0,4,44,75
3,12,1,2.8,9.043947479814863,0.0,7,44,75
3,12,2,2.8,10.645009809067192,0.0,7,44,75
3,12,3,2.8,11.65394976578061,0.0,7,44,75
3,12,4,2.8,9.217193796224565,0.0,7,44,75
3,12,5,2.8,9.781547190240063,0.0,7,44,75
3,12,6,2.8,10.810931668079933,0.0,7,44,75
3,12,7,2.8,10.345723742793588,0.0,7,44,75
3,12,8,2.8,12.015227685732953,0.0,7,44,75
3,12,9,2.8,12.73663764702561,0.0,7,44,75
3,12,10,2.8,11.93211710019937,0.0,7,44,75
3,12,11,2.8,11.30477105731762,0.0,7,44,75
3,12,12,3.6,10.81439306973701,0.125,7,44,75
3,12,13,2.8,12.300637864346161,0.0,7,44,75
3,12,14,2.8,10.51597021048983,0.0,7,44,75
3,12,15,2.8,13.053444488729863,0.0,7,44,75
3,12,16,2.8,10.424357508861606,0.0,7,44,75
3,12,17,2.8,15.583284191960038,0.0,7,44,75
3,12,18,2.8,12.332804474828215,0.0,7,44,75
3,12,19,2.8,10.108687758228408,0.0,7,44,75
3,12,20,2.8,10.976737099552214,0.0,7,44,75
3,12,21,2.8,8.28487606697032,0.0,7,44,75
3,12,22,2.8,10.587703211450652,0.0,7,44,75
1,13,1,4.2,7.801766804270602,0.0,7,44,75
1,13,2,3.2,10.328637142109912,0.0,7,44,75
1,13,3,3.0,11.515115625348237,0.0,7,44,75
1,13,4,3.2,9.302779366524549,0.0,7,44,75
1,13,5,3.0,10.768704902021568,0.0,7,44,75
1,13,6,2.8,10.966435105075387,0.0,7,44,75
1,13,7,3.0,10.135279945530748,0.0,7,44,75
1,13,8,2.8,9.53250488017012,0.0,7,44,75
1,13,9,2.8,20.224068798237244,0.0,7,44,75
1,13,10,2.8,10.149172283573602,0.0,7,44,75
1,13,11,2.8,13.997831896849323,0.0,7,44,75
1,13,12,2.8,11.864067934586378,0.0,7,44,75
1,13,13,2.8,12.247442075421812,0.0,7,44,75
1,13,14,2.8,12.756933313762648,0.0,7,44,75
1,13,15,2.8,13.079972203438441,0.0,7,44,75
1,13,16,2.8,10.970368602280782,0.0,7,44,75
1,13,17,3.0,8.340621244355033,0.0,7,44,75
1,13,18,3.0,9.639276092390853,0.0,7,44,75
1,13,19,3.2,11.926658094188923,0.0,7,44,75
1,13,20,2.8,10.872978126115916,0.0,7,44,75
1,13,21,3.2,8.093250511198574,0.0,7,44,75
2,13,1,3.0,13.52545693735554,0.0,7,44,75
2,13,2,3.2,10.137239993897117,0.0,7,44,75
2,13,3,3.4,8.357011294701257,0.0,7,44,75
2,13,4,3.4,9.002094900443675,0.0,7,44,75
2,13,5,2.8,11.597042004082443,0.0,7,44,75
2,13,6,2.8,9.38844981877267,0.0,7,44,75
2,13,7,3.0,12.316797125890998,0.0,7,44,75
2,13,8,2.8,13.069953121631562,0.0,7,44,75
2,13,9,2.8,13.037548280820928,0.0,7,44,75
2,13,10,2.8,10.139230430067355,0.0,7,44,75
2,13,11,2.8,11.166852865238477,0.0,7,44,75
2,13,12,2.8,12.398681955867607,0.0,7,44,75
2,13,13,2.8,10.131720161059693,0.0,7,44,75
2,13,14,2.8,11.179086928654836,0.0,7,44,75
2,13,15,3.0,9.41432420430314,0.0,7,44,75
2,13,16,2.8,11.601995134725556,0.0,7,44,75
2,13,17,2.8,10.807028382274627,0.0,7,44,75
2,13,18,2.8,12.873186031306721,0.0,7,44,75
2,13,19,3.0,10.586274359136674,0.0,7,44,75
2,13,20,2.8,7.472547545218978,0.0,7,44,75
2,13,21,2.8,8.821424000616803,0.0,7,44,75
3,13,1,2.8,9.892363993755973,0.0,7,44,75
3,13,2,2.8,10.776301376921758,0.0,7,44,75
3,13,3,2.8,10.44043623779803,0.0,7,44,75
3,13,4,2.8,9.623265002504377,0.0,7,44,75
3,13,5,2.8,9.642752111909227,0.0,7,44,75
3,13,6,2.8,10.926817694027708,0.0,7,44,75
3,13,7,2.8,9.278466756879464,0.0,7,44,75
3,13,8,2.8,10.617700461353147,0.0,7,44,75
3,13,9,2.8,12.154478201162856,0.0,7,44,75
3,13,10,2.8,12.169535575388561,0.0,7,44,75
3,13,11,2.8,11.693828749306185,0.0,7,44,75
3,13,12,3.0,14.759676091882822,0.0,7,44,75
3,13,13,2.8,11.436064554440785,0.0,7,44,75
3,13,14,2.8,9.579179711317607,0.0,7,44,75
3,13,15,2.8,13.28604373510325,0.0,7,44,75
3,13,16,2.8,10.8742648401917,0.0,7,44,75
3,13,17,2.8,16.05665560805986,0.0,7,44,75
3,13,18,2.8,10.787340899601515,0.0,7,44,75
3,13,19,2.8,13.038293329674728,0.0,7,44,75
3,13,20,2.8,10.681128675571372,0.0,7,44,75
3,13,21,2.8,9.160641095123422,0.0,7,44,75
3,13,22,2.8,12.182470752352016,0.0,7,44,75
1,14,1,4.0,9.24572071108889,0.0,7,44,75
1,14,2,3.6,10.927689951134361,0.0,7,44,75
1,14,3,3.0,10.88761889619358,0.0,7,44,75
1,14,4,3.0,9.168996270489004,0.0,7,44,75
1,14,5,3.0,12.486924044351392,0.0,7,44,75
1,14,6,2.8,10.525860168637568,0.0,7,44,75
1,14,7,2.8,12.41761950872126,0.0,7,44,75
1,14,8,2.8,11.423988982813274,0.0,7,44,75
1,14,9,2.8,13.210808256446397,0.0,7,44,75
1,14,10,2.8,11.539966200224262,0.0,7,44,75
1,14,11,2.8,12.549205469765866,0.0,7,44,75
1,14,12,2.8,14.198113643613862,0.0,7,44,75
1,14,13,2.8,11.60349620895034,0.0,7,44,75
1,14,14,2.8,13.781204820307684,0.0,7,44,75
1,14,15,2.8,16.53787339524884,0.0,7,44,75
1,14,16,2.8,12.75422998601512,0.0,7,44,75
1,14,17,3.0,8.924933989527164,0.0,7,44,75
1,14,18,2.8,12.566029514339213,0.0,7,44,75
1,14,19,3.0,10.250555286278802,0.0,7,44,75
1,14,20,2.8,10.986511747239437,0.0,7,44,75
1,14,21,2.8,10.518025632075952,0.0,7,44,75
2,14,1,3.2,12.518199222238486,0.0,7,44,75
2,14,2,3.0,9.739871263818781,0.0,7,44,75
2,14,3,3.6,8.733623859054843,0.0,7,44,75
2,14,4,3.2,8.265364007235592,0.0,7,44,75
2,14,5,2.8,12.705222037601924,0.0,7,44,75
2,14,6,2.8,10.051941197727674,0.0,7,44,75
2,14,7,3.0,11.028634948770705,0.0,7,44,75
2,14,8,2.8,14.529229197920339,0.0,7,44,75
2,14,9,2.8,13.497916845086593,0.0,7,44,75
2,14,10,2.8,10.595940790855357,0.0,7,44,75
2,14,11,2.8,13.630654217401421,0.0,7,44,75
2,14,12,2.8,11.892405732052516,0.0,7,44,75
2,14,13,2.8,10.496882357500176,0.0,7,44,75
2,14,14,2.8,9.76854413207146,0.0,7,44,75
2,14,15,3.0,10.098253311683331,0.0,7,44,75
2,14,16,2.8,10.241996860188166,0.0,7,44,75
2,14,17,2.8,10.693656134510423,0.0,7,44,75
2,14,18,2.8,13.43890796979675,0.0,7,44,75
2,14,19,3.0,11.310635022558928,0.0,7,44,75
2,14,20,2.8,7.678950659048722,0.0,7,44,75
2,14,21,2.8,10.070573281196772,0.0,7,44,75
3,14,1,2.8,10.743853384483813,0.0,7,44,75
3,14,2,2.8,11.088910456562186,0.0,7,44,75
3,14,3,2.8,10.752467942063145,0.0,7,44,75
3,14,4,2.8,8.680821426339838,0.0,7,44,75
3,14,5,2.8,9.263042990424339,0.0,7,44,75
3,14,6,2.8,11.085253120964307,0.0,7,44,75
3,14,7,2.8,8.92638136888721,0.0,7,44,75
3,14,8,2.8,10.999610224541092,0.0,7,44,75
3,14,9,2.8,13.893987580751073,0.0,7,44,75
3,14,10,2.8,10.871630479613204,0.0,7,44,75
3,14,11,2.8,11.92176868454417,0.0,7,44,75
3,14,12,3.0,11.112539347541443,0.0,7,44,75
3,14,13,2.8,11.12406471957233,0.0,7,44,75
3,14,14,2.8,8.718874963019502,0.0,7,44,75
3,14,15,2.8,10.799350654517,0.0,7,44,75
3,14,16,2.8,10.34106948194028,0.0,7,44,75
3,14,17,2.8,14.360169972812997,0.0,7,44,75
3,14,18,2.8,10.7117693016343,0.0,7,44,75
3,14,19,2.8,12.87363032658841,0.0,7,44,75
3,14,20,2.8,10.268668413587497,0.0,7,44,75
3,14,21,2.8,9.257703303081,0.0,7,44,75
3,14,22,2.8,11.473980040235718,0.0,7,44,75
1,15,1,4.2,8.665647105987055,0.0,7,44,75
1,15,2,3.2,11.922596955448064,0.0,7,44,75
1,15,3,3.0,9.606070134019845,0.0,7,44,75
1,15,4,3.0,9.210135091914449,0.0,7,44,75
1,15,5,3.0,11.548898621527828,0.0,7,44,75
1,15,6,2.8,11.13910955435132,0.0,7,44,75
1,15,7,3.0,10.16046234127708,0.0,7,44,75
1,15,8,2.8,11.804423904531554,0.0,7,44,75
1,15,9,2.8,13.38689611613405,0.0,7,44,75
1,15,10,2.8,12.243354427734747,0.0,7,44,75
1,15,11,2.8,14.51383490886537,0.0,7,44,75
1,15,12,2.8,12.114456231582702,0.0,7,44,75
1,15,13,2.8,14.544077805445156,0.0,7,44,75
1,15,14,2.8,12.841438807981648,0.0,7,44,75
1,15,15,2.8,14.684111124003648,0.0,7,44,75
1,15,16,2.8,14.031218429502593,0.0,7,44,75
1,15,17,3.0,9.442369978830687,0.0,7,44,75
1,15,18,2.8,12.209581841750467,0.0,7,44,75
1,15,19,3.0,10.80178558561651,0.0,7,44,75
1,15,20,2.8,10.525936398538548,0.0,7,44,75
1,15,21,2.8,11.371497525610705,0.0,7,44,75
2,15,1,2.8,14.8342031749876,0.0,7,44,75
2,15,2,2.8,10.569822602139302,0.0,7,44,75
2,15,3,3.2,10.060663390885296,0.0,7,44,75
2,15,4,3.2,8.904552918260073,0.0,7,44,75
2,15,5,3.0,9.861509604791877,0.0,7,44,75
2,15,6,2.8,9.612113634472339,0.0,7,44,75
2,15,7,3.0,11.492793725152055,0.0,7,44,75
2,15,8,2.8,13.889362095933706,0.0,7,44,75
2,15,9,2.8,12.553156559071468,0.0,7,44,75
2,15,10,2.8,9.95630785359932,0.0,7,44,75
2,15,11,2.8,10.841253092544974,0.0,7,44,75
2,15,12,2.8,11.453398400910167,0.0,7,44,75
2,15,13,2.8,11.446855564269155,0.0,7,44,75
2,15,14,2.8,9.614780306909786,0.0,7,44,75
2,15,15,2.8,10.03892104664311,0.0,7,44,75
2,15,16,3.0,9.905068156460143,0.0,7,44,75
2,15,17,2.8,11.212808483452665,0.0,7,44,75
2,15,18,2.8,11.862460940826443,0.0,7,44,75
2,15,19,3.0,12.354673458015652,0.0,7,44,75
2,15,20,2.8,9.73874936764443,0.0,7,44,75
2,15,21,3.0,8.203466522233256,0.0,7,44,75
3,15,1,2.8,9.612509443537142,0.0,7,44,75
3,15,2,3.0,10.642564688747555,0.0,7,44,75
3,15,3,2.8,10.195439612855736,0.0,7,44,75
3,15,4,2.8,10.167516490567737,0.0,7,44,75
3,15,5,2.8,9.740144084927735,0.0,7,44,75
3,15,6,2.8,9.31143792009572,0.0,7,44,75
3,15,7,2.8,9.913575625526015,0.0,7,44,75
3,15,8,2.8,13.118771646448566,0.0,7,44,75
3,15,9,2.8,11.622474527609095,0.0,7,44,75
3,15,10,2.8,10.263004089278112,0.0,7,44,75
3,15,11,2.8,12.014665659671008,0.0,7,44,75
3,15,12,3.0,11.846456149955705,0.0,7,44,75
3,15,13,2.8,9.379356882110702,0.0,7,44,75
3,15,14,2.8,10.796060439415866,0.0,7,44,75
3,15,15,2.8,11.724290840871515,0.0,7,44,75
3,15,16,2.8,9.844998245547648,0.0,7,44,75
3,15,17,2.8,15.467972297210807,0.0,7,44,75
3,15,18,3.0,10.152615313221299,0.0,7,44,75
3,15,19,2.8,12.38861804657334,0.0,7,44,75
3,15,20,2.8,9.698540562141034,0.0,7,44,75
3,15,21,2.8,9.27232521738446,0.0,7,44,75
3,15,22,3.0,10.121128735166339,0.0,7,44,75
1,16,1,4.2,8.216645369216181,0.0,7,44,75
1,16,2,3.2,10.137504161268074,0.0,7,44,75
1,16,3,3.0,11.341732600285402,0.0,7,44,75
1,16,4,3.2,8.325929293022234,0.0,7,44,75
1,16,5,3.0,12.159373075783103,0.0,7,44,75
1,16,6,2.8,11.190448786924438,0.0,7,44,75
1,16,7,2.8,12.341325524919863,0.0,7,44,75
1,16,8,2.8,9.1374205543553,0.0,7,44,75
1,16,9,2.8,13.753540061849773,0.0,7,44,75
1,16,10,2.8,11.134821394838934,0.0,7,44,75
1,16,11,2.8,14.690750062980516,0.0,7,44,75
1,16,12,2.8,15.355889493534743,0.0,7,44,75
1,16,13,2.8,13.562096634657024,0.0,7,44,75
1,16,14,2.8,11.809622384201749,0.0,7,44,75
1,16,15,2.8,16.58338495577447,0.0,7,44,75
1,16,16,2.8,11.338354191984916,0.0,7,44,75
1,16,17,3.0,8.680658349810475,0.0,7,44,75
1,16,18,2.8,11.509957901404881,0.0,7,44,75
1,16,19,3.0,10.555805933059656,0.0,7,44,75
1,16,20,2.8,9.985244312873327,0.0,7,44,75
1,16,21,2.8,9.799632477294862,0.0,7,44,75
2,16,1,3.2,12.267121870763507,0.0,7,44,75
2,16,2,3.0,10.280112885246524,0.0,7,44,75
2,16,3,3.4,9.710359204230455,0.0,7,44,75
2,16,4,3.4,8.84585652162715,0.0,7,44,75
2,16,5,2.8,15.087133307084562,0.0,7,44,75
2,16,6,2.8,9.461064914786387,0.0,7,44,75
2,16,7,3.0,10.607817739727667,0.0,7,44,75
2,16,8,2.8,13.96524984363818,0.0,7,44,75
2,16,9,2.8,14.489195401454829,0.0,7,44,75
2,16,10,2.8,10.156066997354696,0.0,7,44,75
2,16,11,2.8,14.367092621735832,0.0,7,44,75
2,16,12,2.8,10.762364773000693,0.0,7,44,75
2,16,13,2.8,10.33721020244433,0.0,7,44,75
2,16,14,2.8,11.647450251206497,0.0,7,44,75
2,16,15,3.0,9.982875327212268,0.0,7,44,75
2,16,16,2.8,11.016840342688795,0.0,7,44,75
2,16,17,2.8,10.942372323802955,0.0,7,44,75
2,16,18,2.8,12.254166891023543,0.0,7,44,75
2,16,19,3.0,11.975000056979328,0.0,7,44,75
2,16,20,2.8,7.698281406864442,0.0,7,44,75
2,16,21,2.8,10.61225813614595,0.0,7,44,75
3,16,1,2.8,8.672068419279544,0.0,7,44,75
3,16,2,2.8,9.840067078100494,0.0,7,44,75
3,16,3,2.8,11.185074105898133,0.0,7,44,75
3,16,4,2.8,9.745940889103261,0.0,7,44,75
3,16,5,2.8,8.93815345151222,0.0,7,44,75
3,16,6,2.8,10.301098938716077,0.0,7,44,75
3,16,7,2.8,10.106387828335158,0.0,7,44,75
3,16,8,2.8,9.832508857209612,0.0,7,44,75
3,16,9,2.8,12.325944016902342,0.0,7,44,75
3,16,10,2.8,12.49267946942468,0.0,7,44,75
3,16,11,2.8,12.610003988073139,0.0,7,44,75
3,16,12,3.0,12.497685996153184,0.0,7,44,75
3,16,13,2.8,12.589531773071327,0.0,7,44,75
3,16,14,2.8,9.316529361797281,0.0,7,44,75
3,16,15,2.8,12.948508079843268,0.0,7,44,75
3,16,16,2.8,9.90561453558636,0.0,7,44,75
3,16,17,2.8,13.998626364935104,0.0,7,44,75
3,16,18,2.8,10.349256492325987,0.0,7,44,75
3,16,19,2.8,14.024932777818623,0.0,7,44,75
3,16,20,2.8,11.128110016067291,0.0,7,44,75
3,16,21,2.8,9.606692004683339,0.0,7,44,75
3,16,22,2.8,11.80621004672656,0.0,7,44,75
1,17,1,4.2,9.43937446125539,0.0,7,44,75
1,17,2,3.4,11.080984661029058,0.0,7,44,75
1,17,3,3.0,10.292540277691959,0.0,7,44,75
1,17,4,3.0,8.655377039704074,0.0,7,44,75
1,17,5,3.0,11.597725198828918,0.0,7,44,75
1,17,6,2.8,10.9664351050754,0.0,7,44,75
1,17,7,2.8,10.7171215604492,0.0,7,44,75
1,17,8,2.8,10.102497146115159,0.0,7,44,75
1,17,9,2.8,13.785002344115112,0.0,7,44,75
1,17,10,2.8,10.699857882130424,0.0,7,44,75
1,17,11,2.8,13.535796034886701,0.0,7,44,75
1,17,12,2.8,13.319409769065988,0.0,7,44,75
1,17,13,2.8,11.214790069547728,0.0,7,44,75
1,17,14,2.8,14.441755355389024,0.0,7,44,75
1,17,15,2.8,16.01059819019606,0.0,7,44,75
1,17,16,2.8,11.690290595017029,0.0,7,44,75
1,17,17,3.0,8.108325343886726,0.0,7,44,75
1,17,18,2.8,12.234370401654814,0.0,7,44,75
1,17,19,2.8,11.021610731152705,0.0,7,44,75
1,17,20,2.8,9.300646954338035,0.0,7,44,75
1,17,21,3.0,9.709549713779847,0.0,7,44,75
2,17,1,2.8,15.956542038478377,0.0,7,44,75
2,17,2,2.8,10.233790460548606,0.0,7,44,75
2,17,3,3.2,11.244432901016593,0.0,7,44,75
2,17,4,3.2,8.840200151796806,0.0,7,44,75
2,17,5,3.0,11.218093726874876,0.0,7,44,75
2,17,6,2.8,11.05403212528415,0.0,7,44,75
2,17,7,3.0,10.957451479738086,0.0,7,44,75
2,17,8,2.8,12.759313271925478,0.0,7,44,75
2,17,9,2.8,12.501837369905841,0.0,7,44,75
2,17,10,2.8,9.89189672902033,0.0,7,44,75
2,17,11,2.8,10.97746103339519,0.0,7,44,75
2,17,12,2.8,10.730028016352897,0.0,7,44,75
2,17,13,2.8,11.938417972871484,0.0,7,44,75
2,17,14,2.8,9.752765555114005,0.0,7,44,75
2,17,15,2.8,9.59781749227361,0.0,7,44,75
2,17,16,3.0,9.873089256006915,0.0,7,44,75
2,17,17,2.8,11.090810697959007,0.0,7,44,75
2,17,18,2.8,14.073430644015033,0.0,7,44,75
2,17,19,3.0,9.800771386295056,0.0,7,44,75
2,17,20,2.8,8.825329459588342,0.0,7,44,75
2,17,21,2.8,8.194101579684274,0.0,7,44,75
2,17,22,2.0,22.434186843119342,0.0,4,44,75
3,17,1,2.8,10.916439799114272,0.0,7,44,75
3,17,2,2.8,12.648293158076019,0.0,7,44,75
3,17,3,2.8,9.996752086853835,0.0,7,44,75
3,17,4,2.8,9.273093091117467,0.0,7,44,75
3,17,5,2.8,9.434508673431443,0.0,7,44,75
3,17,6,2.8,10.353412142208013,0.0,7,44,75
3,17,7,2.8,9.613916447393265,0.0,7,44,75
3,17,8,2.8,11.039317722719286,0.0,7,44,75
3,17,9,2.8,13.007514638187123,0.0,7,44,75
3,17,10,2.8,11.210386634864863,0.0,7,44,75
3,17,11,2.8,11.474441548245368,0.0,7,44,75
3,17,12,3.0,12.705383060994079,0.0,7,44,75
3,17,13,2.8,10.265223740669716,0.0,7,44,75
3,17,14,2.8,10.357866618416114,0.0,7,44,75
3,17,15,2.8,13.702774164533091,0.0,7,44,75
3,17,16,2.8,9.794572364822118,0.0,7,44,75
3,17,17,2.8,13.385873791866215,0.0,7,44,75
3,17,18,2.8,11.040485654609743,0.0,7,44,75
3,17,19,2.8,13.178764908118808,0.0,7,44,75
3,17,20,2.8,12.241786969966066,0.0,7,44,75
3,17,21,2.8,9.106085339463945,0.0,7,44,75
3,17,22,2.8,10.940348378271981,0.0,7,44,75
1,18,1,4.2,9.250990602306919,0.0,7,44,75
1,18,2,3.2,11.946232777829314,0.0,7,44,75
1,18,3,3.0,11.948946444267907,0.0,7,44,75
1,18,4,3.2,8.957088061949324,0.0,7,44,75
1,18,5,3.0,11.378729557275678,0.0,7,44,75
1,18,6,2.8,10.452826985181712,0.0,7,44,75
1,18,7,2.8,11.949755279086299,0.0,7,44,75
1,18,8,2.8,10.136484313205544,0.0,7,44,75
1,18,9,2.8,13.124490137676183,0.0,7,44,75
1,18,10,2.8,11.073437301878714,0.0,7,44,75
1,18,11,2.8,17.92436543981789,0.0,7,44,75
1,18,12,2.8,12.569293648807356,0.0,7,44,75
1,18,13,2.8,11.070569228980567,0.0,7,44,75
1,18,14,2.8,13.324131126937008,0.0,7,44,75
1,18,15,2.8,14.901988440144166,0.0,7,44,75
1,18,16,2.8,13.649825521110095,0.0,7,44,75
1,18,17,3.0,8.34410096266965,0.0,7,44,75
1,18,18,2.8,11.576291464288595,0.0,7,44,75
1,18,19,3.0,9.880786317262539,0.0,7,44,75
1,18,20,2.8,9.649467860713067,0.0,7,44,75
1,18,21,2.8,12.42675063475395,0.0,7,44,75
2,18,1,2.8,17.262611501381105,0.0,7,44,75
2,18,2,2.8,10.755701217138837,0.0,7,44,75
2,18,3,3.2,11.041437510621051,0.0,7,44,75
2,18,4,3.2,9.588600689680469,0.0,7,44,75
2,18,5,3.0,9.925524324965304,0.0,7,44,75
2,18,6,2.8,9.781207183593239,0.0,7,44,75
2,18,7,3.0,10.652108376360173,0.0,7,44,75
2,18,8,2.8,13.031165924648583,0.0,7,44,75
2,18,9,2.8,12.42564054309148,0.0,7,44,75
2,18,10,2.8,11.961989266418508,0.0,7,44,75
2,18,11,2.8,9.465446348890339,0.0,7,44,75
2,18,12,2.8,13.013004486719304,0.0,7,44,75
2,18,13,2.8,12.474093048860945,0.0,7,44,75
2,18,14,2.8,10.978167855417421,0.0,7,44,75
2,18,15,2.8,9.235494696157982,0.0,7,44,75
2,18,16,3.0,11.337191989353554,0.0,7,44,75
2,18,17,2.8,11.422213792966302,0.0,7,44,75
2,18,18,2.8,12.517996708101,0.0,7,44,75
2,18,19,3.0,9.423264691572859,0.0,7,44,75
2,18,20,2.8,9.210761173820202,0.0,7,44,75
2,18,21,2.8,8.431314830161085,0.0,7,44,75
2,18,22,2.0,18.739555669190853,0.0,4,44,75
3,18,1,2.8,9.070773444420428,0.0,7,44,75
3,18,2,2.8,13.251174694038232,0.0,7,44,75
3,18,3,2.8,11.330116270484085,0.0,7,44,75
3,18,4,2.8,9.840020174990281,0.0,7,44,75
3,18,5,2.8,8.925110244243045,0.0,7,44,75
3,18,6,2.8,11.045215082985582,0.0,7,44,75
3,18,7,2.8,9.705452117476952,0.0,7,44,75
3,18,8,2.8,10.26142085430884,0.0,7,44,75
3,18,9,2.8,12.553640000796625,0.0,7,44,75
3,18,10,2.8,11.29318466649078,0.0,7,44,75
3,18,11,2.8,11.852459081674056,0.0,7,44,75
3,18,12,3.0,14.48012441155652,0.0,7,44,75
3,18,13,2.8,10.352097734477104,0.0,7,44,75
3,18,14,2.8,10.018532580773442,0.0,7,44,75
3,18,15,2.8,14.585047409674996,0.0,7,44,75
3,18,16,3.0,9.525141879938506,0.0,7,44,75
3,18,17,2.8,15.313062660112234,0.0,7,44,75
3,18,18,3.0,9.550198706687018,0.0,7,44,75
3,18,19,2.8,12.750186418460384,0.0,7,44,75
3,18,20,2.8,10.551896223188008,0.0,7,44,75
3,18,21,2.8,10.049320784929735,0.0,7,44,75
3,18,22,2.8,10.261420603261653,0.0,7,44,75
1,19,1,4.2,10.138125448009461,0.0,7,44,75
1,19,2,3.4,9.091540798067237,0.0,7,44,75
1,19,3,3.0,11.087952192651379,0.0,7,44,75
1,19,4,3.0,9.383152499938976,0.0,7,44,75
1,19,5,3.0,10.865792502945554,0.0,7,44,75
1,19,6,2.8,11.712454862664407,0.0,7,44,75
1,19,7,2.8,11.949755279086299,0.0,7,44,75
1,19,8,2.8,12.890204133896127,0.0,7,44,75
1,19,9,2.8,14.411377949065264,0.0,7,44,75
1,19,10,2.8,11.674103077828429,0.0,7,44,75
1,19,11,2.8,14.835418115149233,0.0,7,44,75
1,19,12,2.8,12.891980020829461,0.0,7,44,75
1,19,13,2.8,14.439526543477669,0.0,7,44,75
1,19,14,2.8,14.688163122175538,0.0,7,44,75
1,19,15,2.8,14.266926573904243,0.0,7,44,75
1,19,16,2.8,12.72729237069559,0.0,7,44,75
1,19,17,3.0,8.011308749116,0.0,7,44,75
1,19,18,2.8,12.943915389091284,0.0,7,44,75
1,19,19,3.0,10.537347637863272,0.0,7,44,75
1,19,20,2.8,9.696046650119593,0.0,7,44,75
1,19,21,3.4,8.900352771128997,0.0,7,44,75
2,19,1,3.0,11.98785342065937,0.0,7,44,75
2,19,2,3.2,9.566425585869714,0.0,7,44,75
2,19,3,3.0,10.825599207111713,0.0,7,44,75
2,19,4,3.4,8.198745062827454,0.0,7,44,75
2,19,5,2.8,13.166069583582305,0.0,7,44,75
2,19,6,2.8,12.096088730286002,0.0,7,44,75
2,19,7,3.0,11.846131296598465,0.0,7,44,75
2,19,8,3.0,10.1003751144573,0.0,7,44,75
2,19,9,2.8,13.981045464437473,0.0,7,44,75
2,19,10,2.8,12.755966455330794,0.0,7,44,75
2,19,11,2.8,11.428601526804856,0.0,7,44,75
2,19,12,2.8,11.849486046624317,0.0,7,44,75
2,19,13,2.8,12.50702266174837,0.0,7,44,75
2,19,14,2.8,11.957883118876817,0.0,7,44,75
2,19,15,3.0,8.900966319018798,0.0,7,44,75
2,19,16,2.8,11.336035195861138,0.0,7,44,75
2,19,17,2.8,12.16025992967262,0.0,7,44,75
2,19,18,2.8,12.800078917678668,0.0,7,44,75
2,19,19,3.0,11.96208379954923,0.0,7,44,75
2,19,20,2.8,8.229431800247369,0.0,7,44,75
2,19,21,3.0,10.253016430184005,0.0,7,44,75
3,19,1,2.8,10.594961021166199,0.0,7,44,75
3,19,2,2.8,12.942717060913804,0.0,7,44,75
3,19,3,2.8,10.317154255412186,0.0,7,44,75
3,19,4,2.8,9.04008601837645,0.0,7,44,75
3,19,5,2.8,10.781647791772714,0.0,7,44,75
3,19,6,2.8,9.605446112418182,0.0,7,44,75
3,19,7,2.8,9.736352585667138,0.0,7,44,75
3,19,8,2.8,9.754103684040297,0.0,7,44,75
3,19,9,2.8,12.553640000796506,0.0,7,44,75
3,19,10,2.8,10.929915336598578,0.0,7,44,75
3,19,11,2.8,10.980051002545379,0.0,7,44,75
3,19,12,3.0,13.372067898715846,0.0,7,44,75
3,19,13,2.8,8.879262007386192,0.0,7,44,75
3,19,14,2.8,10.41075946999986,0.0,7,44,75
3,19,15,2.8,13.921098959452436,0.0,7,44,75
3,19,16,2.8,10.118659241695392,0.0,7,44,75
3,19,17,2.8,17.42937291516277,0.0,7,44,75
3,19,18,2.8,10.059873118908405,0.0,7,44,75
3,19,19,2.8,13.46898848645042,0.0,7,44,75
3,19,20,2.8,11.614135609535278,0.0,7,44,75
3,19,21,2.8,9.285814300032527,0.0,7,44,75
3,19,22,3.0,8.871733522363801,0.0,7,44,75
1,20,1,4.2,7.966797840498766,0.0,7,44,75
1,20,2,3.4,11.309751452760928,0.0,7,44,75
1,20,3,3.0,10.581719910339517,0.0,7,44,75
1,20,4,3.0,10.006392290531911,0.0,7,44,75
1,20,5,3.0,10.78798337479533,0.0,7,44,75
1,20,6,2.8,10.001748690452352,0.0,7,44,75
1,20,7,2.8,10.174281318828221,0.0,7,44,75
1,20,8,2.8,10.751376871687032,0.0,7,44,75
1,20,9,2.8,15.85197078180313,0.0,7,44,75
1,20,10,2.8,10.54999668367999,0.0,7,44,75
1,20,11,2.8,14.690750062980516,0.0,7,44,75
1,20,12,2.8,14.367370718931017,0.0,7,44,75
1,20,13,2.8,12.89462579682816,0.0,7,44,75
1,20,14,2.8,14.54633901273557,0.0,7,44,75
1,20,15,2.8,14.938931480931286,0.0,7,44,75
1,20,16,2.8,13.743216650959464,0.0,7,44,75
1,20,17,3.0,9.531985767429575,0.0,7,44,75
1,20,18,2.8,12.284250715113187,0.0,7,44,75
1,20,19,2.8,11.483691781402989,0.0,7,44,75
1,20,20,2.8,13.855648081143654,0.0,7,44,75
1,20,21,3.0,8.87970906929086,0.0,7,44,75
2,20,1,3.2,14.304090156426863,0.0,7,44,75
2,20,2,3.4,9.846965193637327,0.0,7,44,75
2,20,3,3.4,9.459307406354231,0.0,7,44,75
2,20,4,3.4,8.382856180015905,0.0,7,44,75
2,20,5,2.8,11.003980054310231,0.0,7,44,75
2,20,6,2.8,10.720389110679228,0.0,7,44,75
2,20,7,3.0,10.44868231234162,0.0,7,44,75
2,20,8,2.8,14.827572250272327,0.0,7,44,75
2,20,9,2.8,12.317997359648155,0.0,7,44,75
2,20,10,2.8,8.92038696384436,0.0,7,44,75
2,20,11,2.8,14.81532801200606,0.0,7,44,75
2,20,12,2.8,10.046857140330978,0.0,7,44,75
2,20,13,2.8,11.51353755035468,0.0,7,44,75
2,20,14,2.8,10.405732589862646,0.0,7,44,75
2,20,15,3.0,10.033921293331035,0.0,7,44,75
2,20,16,2.8,10.804900550419504,0.0,7,44,75
2,20,17,2.8,10.95952333420097,0.0,7,44,75
2,20,18,3.0,12.661412693927709,0.0,7,44,75
2,20,19,2.8,9.920833548345694,0.0,7,44,75
2,20,20,2.8,7.110738472387571,0.0,7,44,75
2,20,21,2.8,10.178220532543591,0.0,7,44,75
3,20,1,2.8,9.876389713243668,0.0,7,44,75
3,20,2,2.8,11.955986708019005,0.0,7,44,75
3,20,3,2.8,10.095760525735912,0.0,7,44,75
3,20,4,2.8,10.0833613374191,0.0,7,44,75
3,20,5,2.8,8.352263271380927,0.0,7,44,75
3,20,6,2.8,10.335915470170589,0.0,7,44,75
3,20,7,2.8,10.840844049298408,0.0,7,44,75
3,20,8,2.8,9.738572460600114,0.0,7,44,75
3,20,9,2.8,11.779918050614908,0.0,7,44,75
3,20,10,2.8,11.932117100199587,0.0,7,44,75
3,20,11,2.8,10.921231651152196,0.0,7,44,75
3,20,12,3.0,13.284930993623075,0.0,7,44,75
3,20,13,2.8,12.990633152918054,0.0,7,44,75
3,20,14,3.0,9.482043192470574,0.0,7,44,75
3,20,15,2.8,11.792105281843456,0.0,7,44,75
3,20,16,2.8,9.719831953578424,0.0,7,44,75
3,20,17,2.8,18.28952869016573,0.0,7,44,75
3,20,18,3.0,9.873976294196959,0.0,7,44,75
3,20,19,2.8,12.884486617917618,0.0,7,44,75
3,20,20,2.8,11.007681845924703,0.0,7,44,75
3,20,21,2.8,8.729706047707772,0.0,7,44,75
3,20,22,2.8,10.365768389629967,0.0,7,44,75
1,21,1,4.2,8.856690762313672,0.0,7,44,75
1,21,2,3.4,9.598382660709113,0.0,7,44,75
1,21,3,3.0,9.85490024902461,0.0,7,44,75
1,21,4,3.0,9.368564669197742,0.0,7,44,75
1,21,5,3.0,12.43538769194709,0.0,7,44,75
1,21,6,2.8,10.452826985181702,0.0,7,44,75
1,21,7,2.8,11.672004937350716,0.0,7,44,75
1,21,8,2.8,13.258909829434517,0.0,7,44,75
1,21,9,2.8,13.124490137676199,0.0,7,44,75
1,21,10,2.8,10.350662384630752,0.0,7,44,75
1,21,11,2.8,13.975278122376407,0.0,7,44,75
1,21,12,2.8,13.807719991506394,0.0,7,44,75
1,21,13,2.8,11.405832363387816,0.0,7,44,75
1,21,14,2.8,12.443677464872765,0.0,7,44,75
1,21,15,3.0,11.641427714941972,0.0,7,44,75
1,21,16,2.8,10.40225045417007,0.0,7,44,75
1,21,17,3.0,8.676892326440804,0.0,7,44,75
1,21,18,3.0,9.100649941397561,0.0,7,44,75
1,21,19,2.8,13.92687971640393,0.0,7,44,75
1,21,20,2.8,11.165472856537537,0.0,7,44,75
1,21,21,3.2,9.020503668784583,0.0,7,44,75
2,21,1,3.4,12.741489627150218,0.0,7,44,75
2,21,2,3.2,10.233109839988156,0.0,7,44,75
2,21,3,3.4,9.518191332762889,0.0,7,44,75
2,21,4,3.4,8.869100549179011,0.0,7,44,75
2,21,5,2.8,13.215184958543654,0.0,7,44,75
2,21,6,2.8,10.499545272962022,0.0,7,44,75
2,21,7,3.0,10.187617455854076,0.0,7,44,75
2,21,8,2.8,15.583148419014481,0.0,7,44,75
2,21,9,2.8,11.70506803905213,0.0,7,44,75
2,21,10,2.8,10.115406650250067,0.0,7,44,75
2,21,11,2.8,14.673154804326868,0.0,7,44,75
2,21,12,2.8,11.044719414506675,0.0,7,44,75
2,21,13,2.8,11.095784350732451,0.0,7,44,75
2,21,14,2.8,10.03029975402351,0.0,7,44,75
2,21,15,3.0,10.409630363111308,0.0,7,44,75
2,21,16,2.8,10.729083585664425,0.0,7,44,75
2,21,17,2.8,10.471654239446877,0.0,7,44,75
2,21,18,3.0,11.96770868368969,0.0,7,44,75
2,21,19,2.8,9.564021474471083,0.0,7,44,75
2,21,20,2.8,7.634418072635433,0.0,7,44,75
2,21,21,2.8,11.244876594574368,0.0,7,44,75
3,21,1,2.8,9.420042567588185,0.0,7,44,75
3,21,2,2.8,11.14955485042037,0.0,7,44,75
3,21,3,2.8,9.485141328821323,0.0,7,44,75
3,21,4,2.8,9.203324116395994,0.0,7,44,75
3,21,5,2.8,9.860395958583696,0.0,7,44,75
3,21,6,2.8,10.370968151540803,0.0,7,44,75
3,21,7,2.8,10.08971543767304,0.0,7,44,75
3,21,8,2.8,10.058903434866545,0.0,7,44,75
3,21,9,2.8,14.555291042062045,0.0,7,44,75
3,21,10,2.8,12.44185256693155,0.0,7,44,75
3,21,11,2.8,10.636341043082437,0.0,7,44,75
3,21,12,3.0,12.472200347748329,0.0,7,44,75
3,21,13,2.8,10.790427808423715,0.0,7,44,75
3,21,14,2.8,10.27089618030623,0.0,7,44,75
3,21,15,2.8,13.003567959713042,0.0,7,44,75
3,21,16,2.8,10.610162068329627,0.0,7,44,75
3,21,17,2.8,17.42937291516277,0.0,7,44,75
3,21,18,2.8,10.314350176167926,0.0,7,44,75
3,21,19,2.8,12.686703826198768,0.0,7,44,75
3,21,20,2.8,10.132571958308072,0.0,7,44,75
3,21,21,2.8,8.606351887232385,0.0,7,44,75
3,21,22,3.0,9.21943716895982,0.0,7,44,75
1,22,1,4.2,9.002231041334877,0.0,7,44,75
1,22,2,3.4,9.330859673490032,0.0,7,44,75
1,22,3,3.0,10.274990448903221,0.0,7,44,75
1,22,4,3.0,8.88509201486442,0.0,7,44,75
1,22,5,3.0,11.42186454298094,0.0,7,44,75
1,22,6,2.8,12.83506057726705,0.0,7,44,75
1,22,7,2.8,11.472020242990597,0.0,7,44,75
1,22,8,2.8,10.119462192465212,0.0,7,44,75
1,22,9,2.8,13.210808256446448,0.0,7,44,75
1,22,10,2.8,12.144655035484416,0.0,7,44,75
1,22,11,2.8,18.140196855111167,0.0,7,44,75
1,22,12,2.8,13.55916989129463,0.0,7,44,75
1,22,13,2.8,12.57180862187669,0.0,7,44,75
1,22,14,2.8,12.021659468812436,0.0,7,44,75
1,22,15,2.8,17.347205932136333,0.0,7,44,75
1,22,16,2.8,12.1621747827038,0.0,7,44,75
1,22,17,2.8,9.933287246071318,0.0,7,44,75
1,22,18,3.0,10.281756245901922,0.0,7,44,75
1,22,19,3.0,10.112934681062114,0.0,7,44,75
1,22,20,2.8,10.562837575724652,0.0,7,44,75
1,22,21,2.8,11.457985314795549,0.0,7,44,75
2,22,1,3.2,12.595538991182472,0.0,7,44,75
2,22,2,3.4,9.407719260020773,0.0,7,44,75
2,22,3,4.4,7.318998837299096,0.125,7,44,75
2,22,4,3.0,11.047506055641207,0.0,7,44,75
2,22,5,2.8,12.273891953764855,0.0,7,44,75
2,22,6,2.8,11.858583737837733,0.0,7,44,75
2,22,7,3.0,10.38199659990298,0.0,7,44,75
2,22,8,2.8,15.592276228340276,0.0,7,44,75
2,22,9,2.8,15.570816110469151,0.0,7,44,75
2,22,10,2.8,9.656108357332954,0.0,7,44,75
2,22,11,2.8,17.071448647184262,0.0,7,44,75
2,22,12,2.8,11.959709516929157,0.0,7,44,75
2,22,13,2.8,10.608267218832365,0.0,7,44,75
2,22,14,2.8,11.498566211229424,0.0,7,44,75
2,22,15,3.0,9.338484439677895,0.0,7,44,75
2,22,16,2.8,11.271161615443969,0.0,7,44,75
2,22,17,2.8,10.351844710643245,0.0,7,44,75
2,22,18,3.0,12.743982805544231,0.0,7,44,75
2,22,19,2.8,9.725933908957778,0.0,7,44,75
2,22,20,2.8,9.001066150092283,0.0,7,44,75
2,22,21,2.6,12.80022276661381,0.0,6,44,75
3,22,1,2.8,9.376716635779001,0.0,7,44,75
3,22,2,2.8,10.28692600581708,0.0,7,44,75
3,22,3,2.8,11.10384804971242,0.0,7,44,75
3,22,4,2.8,9.231105343178085,0.0,7,44,75
3,22,5,2.8,9.15215360737362,0.0,7,44,75
3,22,6,2.8,10.887913952347784,0.0,7,44,75
3,22,7,2.8,10.380843095273043,0.0,7,44,75
3,22,8,2.8,10.365768645808883,0.0,7,44,75
3,22,9,2.8,14.350383170794158,0.0,7,44,75
3,22,10,2.8,14.337687481715845,0.0,7,44,75
3,22,11,2.8,11.30477105731762,0.0,7,44,75
3,22,12,3.0,13.22746789847963,0.0,7,44,75
3,22,13,2.8,10.60335741304134,0.0,7,44,75
3,22,14,2.8,10.185374085921483,0.0,7,44,75
3,22,15,2.8,11.754048525142814,0.0,7,44,75
3,22,16,2.8,11.15185105963657,0.0,7,44,75
3,22,17,2.8,15.526745882866003,0.0,7,44,75
3,22,18,2.8,11.562274086684157,0.0,7,44,75
3,22,19,2.8,13.897459487365142,0.0,7,44,75
3,22,20,2.8,11.504900371557962,0.0,7,44,75
3,22,21,2.8,8.336543193235936,0.0,7,44,75
3,22,22,2.8,9.848152334850164,0.0,7,44,75
1,23,1,4.2,8.948757154729318,0.0,7,44,75
1,23,2,3.4,10.483384840594146,0.0,7,44,75
1,23,3,3.0,11.295795989188008,0.0,7,44,75
1,23,4,3.0,8.964397489258197,0.0,7,44,75
1,23,5,3.0,11.487183720718564,0.0,7,44,75
1,23,6,2.8,11.190448786924438,0.0,7,44,75
1,23,7,2.8,12.732467593514071,0.0,7,44,75
1,23,8,2.8,10.170700933815725,0.0,7,44,75
1,23,9,2.8,12.524380954380266,0.0,7,44,75
1,23,10,2.8,10.854037943317396,0.0,7,44,75
1,23,11,2.8,15.72587159179243,0.0,7,44,75
1,23,12,2.8,13.29003462707579,0.0,7,44,75
1,23,13,2.8,11.901416267324038,0.0,7,44,75
1,23,14,2.8,11.62732737430948,0.0,7,44,75
1,23,15,2.8,13.49984870828259,0.0,7,44,75
1,23,16,2.8,11.85122746951612,0.0,7,44,75
1,23,17,3.0,8.84632216134949,0.0,7,44,75
1,23,18,2.8,11.231084142602024,0.0,7,44,75
1,23,19,3.0,9.721386218307353,0.0,7,44,75
1,23,20,2.8,10.966517849976322,0.0,7,44,75
1,23,21,2.8,12.029827999549932,0.0,7,44,75
2,23,1,2.8,17.165712050600902,0.0,7,44,75
2,23,2,2.8,11.107296132061855,0.0,7,44,75
2,23,3,3.2,10.58291043930154,0.0,7,44,75
2,23,4,3.2,9.710388785056479,0.0,7,44,75
2,23,5,3.0,10.173166067399125,0.0,7,44,75
2,23,6,2.8,11.800501933889885,0.0,7,44,75
2,23,7,3.0,10.023635767506837,0.0,7,44,75
2,23,8,2.8,12.921046494530849,0.0,7,44,75
2,23,9,2.8,11.321586546750327,0.0,7,44,75
2,23,10,2.8,11.447059287943047,0.0,7,44,75
2,23,11,2.8,8.747909438590197,0.0,7,44,75
2,23,12,2.8,11.830007948222486,0.0,7,44,75
2,23,13,2.8,12.867757413423194,0.0,7,44,75
2,23,14,2.8,10.381850283873405,0.0,7,44,75
2,23,15,2.8,10.468491242034816,0.0,7,44,75
2,23,16,3.0,11.15115855584019,0.0,7,44,75
2,23,17,2.8,10.646760946269739,0.0,7,44,75
2,23,18,2.8,13.454256686061296,0.0,7,44,75
2,23,19,3.0,11.582573921622362,0.0,7,44,75
2,23,20,2.8,8.435808683231235,0.0,7,44,75
2,23,21,3.0,8.03111456719791,0.0,7,44,75
3,23,1,2.8,9.179687823318403,0.0,7,44,75
3,23,2,2.8,11.109051820141628,0.0,7,44,75
3,23,3,2.8,10.230863313290014,0.0,7,44,75
3,23,4,2.8,8.895456648011807,0.0,7,44,75
3,23,5,2.8,9.908318358818963,0.0,7,44,75
3,23,6,2.8,11.310756446175183,0.0,7,44,75
3,23,7,2.8,9.783073989723837,0.0,7,44,75
3,23,8,2.8,11.582887654148454,0.0,7,44,75
3,23,9,2.8,12.897792891276078,0.0,7,44,75
3,23,10,2.8,12.19379810086955,0.0,7,44,75
3,23,11,2.8,11.140045224324163,0.0,7,44,75
3,23,12,3.0,11.153067858890886,0.0,7,44,75
3,23,13,2.8,10.2824816969637,0.0,7,44,75
3,23,14,3.0,8.33234888279386,0.0,7,44,75
3,23,15,2.8,12.265053723109588,0.0,7,44,75
3,23,16,2.8,10.155595519233794,0.0,7,44,75
3,23,17,2.8,17.35534706206174,0.0,7,44,75
3,23,18,2.8,9.102028004143575,0.0,7,44,75
3,23,19,2.8,11.03555347431131,0.0,7,44,75
3,23,20,2.8,12.408927735946321,0.0,7,44,75
3,23,21,2.8,8.446659873250702,0.0,7,44,75
3,23,22,2.8,9.47621877250228,0.0,7,44,75
1,24,1,4.2,8.766499469122838,0.0,7,44,75
1,24,2,3.4,10.251537161153369,0.0,7,44,75
1,24,3,3.0,11.253606192638276,0.0,7,44,75
1,24,4,3.0,8.80717742168248,0.0,7,44,75
1,24,5,3.0,11.357284009503834,0.0,7,44,75
1,24,6,2.8,11.149040821956284,0.0,7,44,75
1,24,7,2.8,11.604573134803092,0.0,7,44,75
1,24,8,2.8,10.656314205806531,0.0,7,44,75
1,24,9,2.8,12.269376570282484,0.0,7,44,75
1,24,10,2.8,10.549996683679957,0.0,7,44,75
1,24,11,2.8,15.64421946476111,0.0,7,44,75
1,24,12,2.8,13.871287857657753,0.0,7,44,75
1,24,13,2.8,14.614623856605043,0.0,7,44,75
1,24,14,2.8,13.149679827396218,0.0,7,44,75
1,24,15,2.8,12.703023756780157,0.0,7,44,75
1,24,16,2.8,12.311259754409056,0.0,7,44,75
1,24,17,2.8,9.933287246071318,0.0,7,44,75
1,24,18,3.0,9.671209791002836,0.0,7,44,75
1,24,19,3.0,10.998944050103269,0.0,7,44,75
1,24,20,2.8,10.03512952397165,0.0,7,44,75
1,24,21,2.8,10.878801740613682,0.0,7,44,75
2,24,1,3.0,14.730776817533325,0.0,7,44,75
2,24,2,2.8,10.498727129830566,0.0,7,44,75
2,24,3,3.8,9.314425508867684,0.125,7,44,75
2,24,4,2.8,10.004390008721558,0.0,7,44,75
2,24,5,2.8,13.4346074932066,0.0,7,44,75
2,24,6,2.8,11.10630576688558,0.0,7,44,75
2,24,7,3.0,15.878816331762257,0.0,7,44,75
2,24,8,2.8,11.107980311482608,0.0,7,44,75
2,24,9,2.8,14.34588471650006,0.0,7,44,75
2,24,10,2.8,11.695095794906637,0.0,7,44,75
2,24,11,2.8,10.175969796259697,0.0,7,44,75
2,24,12,2.8,14.665494753475206,0.0,7,44,75
2,24,13,2.8,11.048341479733486,0.0,7,44,75
2,24,14,2.8,12.593732846580796,0.0,7,44,75
2,24,15,3.0,8.20520902927368,0.0,7,44,75
2,24,16,2.8,12.81346410315912,0.0,7,44,75
2,24,17,2.8,11.679967243263524,0.0,7,44,75
2,24,18,2.8,12.315321072950704,0.0,7,44,75
2,24,19,3.0,10.620874657016527,0.0,7,44,75
2,24,20,2.8,9.693656352846316,0.0,7,44,75
2,24,21,3.0,7.9834119934869126,0.0,7,44,75
3,24,1,2.8,9.291249497123385,0.0,7,44,75
3,24,2,2.8,10.75734750564021,0.0,7,44,75
3,24,3,2.8,10.964505548555433,0.0,7,44,75
3,24,4,2.8,9.668904829093933,0.0,7,44,75
3,24,5,2.8,9.138478831698858,0.0,7,44,75
3,24,6,2.8,10.868565781296303,0.0,7,44,75
3,24,7,2.8,10.633517119408328,0.0,7,44,75
3,24,8,2.8,11.180580462257256,0.0,7,44,75
3,24,9,2.8,10.802072601279347,0.0,7,44,75
3,24,10,2.8,9.903428548324996,0.0,7,44,75
3,24,11,2.8,12.03910375887911,0.0,7,44,75
3,24,12,3.0,12.679044182515733,0.0,7,44,75
3,24,13,2.8,10.828636788590703,0.0,7,44,75
3,24,14,2.8,9.937144887210758,0.0,7,44,75
3,24,15,2.8,13.550974078041332,0.0,7,44,75
3,24,16,3.0,11.261436597665405,0.0,7,44,75
3,24,17,2.8,16.970107497579253,0.0,7,44,75
3,24,18,3.0,10.085647716019466,0.0,7,44,75
3,24,19,2.8,13.570607521402911,0.0,7,44,75
3,24,20,2.8,12.672664291802741,0.0,7,44,75
3,24,21,2.8,9.230344407145832,0.0,7,44,75
3,24,22,3.0,10.762277226246187,0.0,7,44,75
1,25,1,4.2,8.640795548830686,0.0,7,44,75
1,25,2,3.4,10.013056817723724,0.0,7,44,75
1,25,3,3.0,10.240069726586308,0.0,7,44,75
1,25,4,3.0,10.073300310798258,0.0,7,44,75
1,25,5,3.0,11.272304140450373,0.0,7,44,75
1,25,6,2.8,10.380800292820467,0.0,7,44,75
1,25,7,2.8,11.428506318379405,0.0,7,44,75
1,25,8,2.8,10.809232964245464,0.0,7,44,75
1,25,9,2.8,13.268987228405331,0.0,7,44,75
1,25,10,2.8,10.422270020723325,0.0,7,44,75
1,25,11,2.8,15.171574873358617,0.0,7,44,75
1,25,12,2.8,17.002287419008326,0.0,7,44,75
1,25,13,2.8,11.78503889371155,0.0,7,44,75
1,25,14,2.8,12.191915811027938,0.0,7,44,75
1,25,15,2.8,14.542364875745621,0.0,7,44,75
1,25,16,2.8,13.03001329926059,0.0,7,44,75
1,25,17,3.0,9.072744480507154,0.0,7,44,75
1,25,18,2.8,12.038835195751114,0.0,7,44,75
1,25,19,3.0,10.630290345633298,0.0,7,44,75
1,25,20,2.8,10.085515680080862,0.0,7,44,75
1,25,21,2.8,10.214924750288404,0.0,7,44,75
2,25,1,3.4,12.794799381502049,0.0,7,44,75
2,25,2,3.8,7.9447823301515,0.0,7,44,75
2,25,3,3.0,9.910408454466992,0.0,7,44,75
2,25,4,3.2,9.367908265679864,0.0,7,44,75
2,25,5,2.8,12.512265531914814,0.0,7,44,75
2,25,6,2.8,9.856558010851955,0.0,7,44,75
2,25,7,3.0,10.307805112528499,0.0,7,44,75
2,25,8,2.8,11.911054443244474,0.0,7,44,75
2,25,9,2.8,14.683884693145988,0.0,7,44,75
2,25,10,2.8,10.098704514407508,0.0,7,44,75
2,25,11,2.8,16.950428367822315,0.0,7,44,75
2,25,12,2.8,11.394521754684632,0.0,7,44,75
2,25,13,2.8,11.894178180108419,0.0,7,44,75
2,25,14,2.8,11.437032254536827,0.0,7,44,75
2,25,15,2.8,11.005388618813084,0.0,7,44,75
2,25,16,2.8,10.353010472916708,0.0,7,44,75
2,25,17,2.8,11.04938382166685,0.0,7,44,75
2,25,18,3.0,10.972619466024051,0.0,7,44,75
2,25,19,2.8,11.479052786600814,0.0,7,44,75
2,25,20,2.8,6.8673443123228095,0.0,7,44,75
2,25,21,3.0,13.002107575681094,0.0,7,44,75
3,25,1,2.8,9.391114262726804,0.0,7,44,75
3,25,2,2.8,13.396296317804703,0.0,7,44,75
3,25,3,2.8,11.609706479552683,0.0,7,44,75
3,25,4,2.8,9.343927961814552,0.0,7,44,75
3,25,5,2.8,8.758948172600286,0.0,7,44,75
3,25,6,2.8,9.789948587705778,0.0,7,44,75
3,25,7,2.8,9.613916447393125,0.0,7,44,75
3,25,8,2.8,10.365768645808801,0.0,7,44,75
3,25,9,2.8,11.449145395866923,0.0,7,44,75
3,25,10,2.8,11.189876482630364,0.0,7,44,75
3,25,11,2.8,13.295296954569315,0.0,7,44,75
3,25,12,3.0,14.831258752149951,0.0,7,44,75
3,25,13,2.8,10.71481310467049,0.0,7,44,75
3,25,14,2.8,10.253677059439962,0.0,7,44,75
3,25,15,2.8,15.431426149797625,0.0,7,44,75
3,25,16,2.8,11.358964703989066,0.0,7,44,75
3,25,17,2.8,14.39396579736148,0.0,7,44,75
3,25,18,2.8,10.655781838969464,0.0,7,44,75
3,25,19,2.8,12.846590002167655,0.0,7,44,75
3,25,20,2.8,10.890334637634107,0.0,7,44,75
3,25,21,2.8,9.35684439672627,0.0,7,44,75
3,25,22,2.8,10.635944489469658,0.0,7,44,75
1,26,1,4.2,9.222673815811616,0.0,7,44,75
1,26,2,3.4,9.418361505613097,0.0,7,44,75
1,26,3,3.0,10.637759710078418,0.0,7,44,75
1,26,4,3.0,9.891417407631735,0.0,7,44,75
1,26,5,3.0,11.465327809127075,0.0,7,44,75
1,26,6,2.8,10.170555315113493,0.0,7,44,75
1,26,7,2.8,10.622661032950425,0.0,7,44,75
1,26,8,2.8,10.187896016550681,0.0,7,44,75
1,26,9,2.8,14.65674139086527,0.0,7,44,75
1,26,10,2.8,10.699857882130424,0.0,7,44,75
1,26,11,2.8,15.05784264306947,0.0,7,44,75
1,26,12,2.8,12.59556590915983,0.0,7,44,75
1,26,13,2.8,12.36542946466096,0.0,7,44,75
1,26,14,2.8,14.869380249206708,0.0,7,44,75
1,26,15,2.8,13.652777337266867,0.0,7,44,75
1,26,16,2.8,14.645018150675728,0.0,7,44,75
1,26,17,3.0,7.763597016218668,0.0,7,44,75
1,26,18,2.8,10.674054861844887,0.0,7,44,75
1,26,19,2.8,11.375303233884754,0.0,7,44,75
1,26,20,2.8,11.018218306605045,0.0,7,44,75
1,26,21,3.0,9.219340181842357,0.0,7,44,75
2,26,1,2.8,14.34703661994542,0.0,7,44,75
2,26,2,2.8,10.065372130649399,0.0,7,44,75
2,26,3,3.8,8.858430273839504,0.125,7,44,75
2,26,4,2.8,11.70925977979259,0.0,7,44,75
2,26,5,2.8,11.035594142436409,0.0,7,44,75
2,26,6,2.8,11.05403212528415,0.0,7,44,75
2,26,7,3.0,12.252577490771804,0.0,7,44,75
2,26,8,2.8,12.27285078520119,0.0,7,44,75
2,26,9,2.8,11.987276607019753,0.0,7,44,75
2,26,10,2.8,12.274063657673294,0.0,7,44,75
2,26,11,2.8,10.977461033395098,0.0,7,44,75
2,26,12,2.8,12.330873512613723,0.0,7,44,75
2,26,13,2.8,12.707347201894072,0.0,7,44,75
2,26,14,2.8,11.53730859975909,0.0,7,44,75
2,26,15,2.8,10.468491242034773,0.0,7,44,75
2,26,16,3.0,11.030491393041608,0.0,7,44,75
2,26,17,2.8,10.536709247830395,0.0,7,44,75
2,26,18,2.8,13.72600660425562,0.0,7,44,75
2,26,19,3.0,10.025690089206023,0.0,7,44,75
2,26,20,2.8,8.68743769941712,0.0,7,44,75
2,26,21,2.8,7.7872170031947965,0.0,7,44,75
2,26,22,2.0,19.10541899078163,0.0,4,44,75
3,26,1,2.8,10.43231421781974,0.0,7,44,75
3,26,2,2.8,11.90942496690935,0.0,7,44,75
3,26,3,2.8,9.397695434697814,0.0,7,44,75
3,26,4,2.8,10.083361337419177,0.0,7,44,75
3,26,5,2.8,9.719370345896685,0.0,7,44,75
3,26,6,2.8,11.065197883932328,0.0,7,44,75
3,26,7,2.8,9.153490231004028,0.0,7,44,75
3,26,8,2.8,11.875253119386096,0.0,7,44,75
3,26,9,2.8,12.502316866870448,0.0,7,44,75
3,26,10,2.8,12.073443373412168,0.0,7,44,75
3,26,11,2.8,12.558219903514566,0.0,7,44,75
3,26,12,3.0,11.15306785889079,0.0,7,44,75
3,26,13,2.8,11.30918774109375,0.0,7,44,75
3,26,14,2.8,9.825398666780961,0.0,7,44,75
3,26,15,2.8,12.680057736869147,0.0,7,44,75
3,26,16,3.0,10.277416235067241,0.0,7,44,75
3,26,17,2.8,16.292037912507233,0.0,7,44,75
3,26,18,3.0,10.085647716019542,0.0,7,44,75
3,26,19,2.8,12.697247008258321,0.0,7,44,75
3,26,20,2.8,10.372936527846539,0.0,7,44,75
3,26,21,2.8,9.35744295944704,0.0,7,44,75
3,26,22,2.8,10.901579772779282,0.0,7,44,75
1,27,1,4.2,8.766499469122836,0.0,7,44,75
1,27,2,3.2,11.62362886883662,0.0,7,44,75
1,27,3,3.0,11.111683347150784,0.0,7,44,75
1,27,4,3.2,8.407241011150031,0.0,7,44,75
1,27,5,2.8,9.8577320253759,0.0,7,44,75
1,27,6,2.8,10.553846147865498,0.0,7,44,75
1,27,7,3.0,10.778356083264905,0.0,7,44,75
1,27,8,2.8,9.854679970723081,0.0,7,44,75
1,27,9,2.8,14.621179183793378,0.0,7,44,75
1,27,10,2.8,11.834591503753872,0.0,7,44,75
1,27,11,2.8,13.505459773536945,0.0,7,44,75
1,27,12,2.8,14.23164527167244,0.0,7,44,75
1,27,13,2.8,11.427461821805101,0.0,7,44,75
1,27,14,2.8,13.2654686531244,0.0,7,44,75
1,27,15,2.8,14.13308340172361,0.0,7,44,75
1,27,16,2.8,12.211466954849787,0.0,7,44,75
1,27,17,3.0,8.207720475986514,0.0,7,44,75
1,27,18,2.8,11.849451929846843,0.0,7,44,75
1,27,19,2.8,9.707710240633373,0.0,7,44,75
1,27,20,2.8,10.958109632173766,0.0,7,44,75
1,27,21,3.0,10.151168747437158,0.0,7,44,75
2,27,1,2.8,16.788753785402186,0.0,7,44,75
2,27,2,2.8,10.407940803432274,0.0,7,44,75
2,27,3,3.2,11.20323888350461,0.0,7,44,75
2,27,4,3.2,10.60255555862667,0.0,7,44,75
2,27,5,3.0,10.08925710942244,0.0,7,44,75
2,27,6,2.8,10.0545625212226,0.0,7,44,75
2,27,7,3.0,11.036542208290921,0.0,7,44,75
2,27,8,2.8,15.051518367044586,0.0,7,44,75
2,27,9,2.8,13.799355648238638,0.0,7,44,75
2,27,10,2.8,11.319939752239122,0.0,7,44,75
2,27,11,2.8,9.450820078645197,0.0,7,44,75
2,27,12,2.8,12.13514601832515,0.0,7,44,75
2,27,13,2.8,12.032364504440581,0.0,7,44,75
2,27,14,2.8,10.727840378506054,0.0,7,44,75
2,27,15,2.8,9.552844740544005,0.0,7,44,75
2,27,16,3.0,10.219527785659473,0.0,7,44,75
2,27,17,2.8,10.236899762848983,0.0,7,44,75
2,27,18,2.8,13.664673287395154,0.0,7,44,75
2,27,19,2.8,11.092349657696202,0.0,7,44,75
2,27,20,2.8,8.989179304447772,0.0,7,44,75
2,27,21,3.0,8.45117737584996,0.0,7,44,75
2,27,22,2.0,17.9819858928055,0.0,4,44,75
3,27,1,2.8,9.348053416057533,0.0,7,44,75
3,27,2,2.8,10.20113786867538,0.0,7,44,75
3,27,3,2.8,11.205566641042445,0.0,7,44,75
3,27,4,2.8,9.792754581632455,0.0,7,44,75
3,27,5,2.8,9.688577407027775,0.0,7,44,75
3,27,6,2.8,10.318477835106272,0.0,7,44,75
3,27,7,2.8,10.505661046997735,0.0,7,44,75
3,27,8,2.8,10.580963040602372,0.0,7,44,75
3,27,9,2.8,13.737945511720227,0.0,7,44,75
3,27,10,2.8,12.806580711507246,0.0,7,44,75
3,27,11,2.8,10.65487053158479,0.0,7,44,75
3,27,12,3.0,11.960026368676093,0.0,7,44,75
3,27,13,2.8,11.003980054310231,0.0,7,44,75
3,27,14,2.8,9.416941232264934,0.0,7,44,75
3,27,15,2.8,13.003567959712914,0.0,7,44,75
3,27,16,2.8,10.87426484019188,0.0,7,44,75
3,27,17,2.8,13.96665943234134,0.0,7,44,75
3,27,18,2.8,10.787340899601515,0.0,7,44,75
3,27,19,2.8,12.108996606812594,0.0,7,44,75
3,27,20,2.8,10.756267035939418,0.0,7,44,75
3,27,21,2.8,9.472780815969866,0.0,7,44,75
3,27,22,3.0,9.247315906210847,0.0,7,44,75
1,28,1,4.4,9.08791169544145,0.0,7,44,75
1,28,2,3.6,9.20060884308113,0.0,7,44,75
1,28,3,3.2,9.34198915985706,0.0,7,44,75
1,28,4,2.8,10.637651497847587,0.0,7,44,75
1,28,5,3.0,10.185863949214944,0.0,7,44,75
1,28,6,2.8,10.306852637818515,0.0,7,44,75
1,28,7,2.8,12.393213150868784,0.0,7,44,75
1,28,8,2.8,9.835623888408097,0.0,7,44,75
1,28,9,2.8,13.947218378001706,0.0,7,44,75
1,28,10,2.8,11.715486580956421,0.0,7,44,75
1,28,11,2.8,15.041535405234113,0.0,7,44,75
1,28,12,2.8,14.965488091587332,0.0,7,44,75
1,28,13,2.8,12.654410179400823,0.0,7,44,75
1,28,14,2.8,10.545095746661682,0.0,7,44,75
1,28,15,2.8,13.234328134908083,0.0,7,44,75
1,28,16,2.8,13.778290916024137,0.0,7,44,75
1,28,17,2.8,9.00855452182232,0.0,7,44,75
1,28,18,3.0,10.057568165281547,0.0,7,44,75
1,28,19,3.0,11.751750975320533,0.0,7,44,75
1,28,20,2.8,9.821194569317788,0.0,7,44,75
1,28,21,3.0,9.829131912643668,0.0,7,44,75
2,28,1,3.2,14.009214092723655,0.0,7,44,75
2,28,2,3.4,10.074033665016785,0.0,7,44,75
2,28,3,4.0,8.069319350593453,0.125,7,44,75
2,28,4,2.8,10.15590866369319,0.0,7,44,75
2,28,5,2.8,12.694050179690096,0.0,7,44,75
2,28,6,2.8,10.627251623455777,0.0,7,44,75
2,28,7,3.0,10.704710321930264,0.0,7,44,75
2,28,8,2.8,15.425934970347,0.0,7,44,75
2,28,9,2.8,10.682827365221403,0.0,7,44,75
2,28,10,2.8,10.268249550798721,0.0,7,44,75
2,28,11,2.8,13.476863228708629,0.0,7,44,75
2,28,12,2.8,11.268559979384944,0.0,7,44,75
2,28,13,2.8,12.082149518197197,0.0,7,44,75
2,28,14,2.8,9.964930851637467,0.0,7,44,75
2,28,15,3.0,11.35675859613042,0.0,7,44,75
2,28,16,2.8,12.062146950131275,0.0,7,44,75
2,28,17,2.8,10.278082007506427,0.0,7,44,75
2,28,18,3.0,12.687678293734635,0.0,7,44,75
2,28,19,2.8,10.664687644182443,0.0,7,44,75
2,28,20,2.8,7.8098936020274365,0.0,7,44,75
2,28,21,2.8,10.583303461646194,0.0,7,44,75
3,28,1,2.8,9.362363087593756,0.0,7,44,75
3,28,2,2.8,10.498825828346414,0.0,7,44,75
3,28,3,2.8,9.036679322369135,0.0,7,44,75
3,28,4,2.8,8.607519884890984,0.0,7,44,75
3,28,5,2.8,10.344016288114348,0.0,7,44,75
3,28,6,2.8,9.900885348921445,0.0,7,44,75
3,28,7,2.8,9.47980518050575,0.0,7,44,75
3,28,8,2.8,9.96061306732878,0.0,7,44,75
3,28,9,2.8,15.16898130302257,0.0,7,44,75
3,28,10,2.8,10.756905945103108,0.0,7,44,75
3,28,11,2.8,11.58309642764195,0.0,7,44,75
3,28,12,3.0,12.32144285842077,0.0,7,44,75
3,28,13,2.8,10.925353672574314,0.0,7,44,75
3,28,14,3.0,9.280610702838072,0.0,7,44,75
3,28,15,2.8,12.191707417909859,0.0,7,44,75
3,28,16,2.8,9.305745558847079,0.0,7,44,75
3,28,17,2.8,16.03574371777439,0.0,7,44,75
3,28,18,3.0,10.237585875666426,0.0,7,44,75
3,28,19,2.8,13.190142163944438,0.0,7,44,75
3,28,20,2.8,10.832221528279275,0.0,7,44,75
3,28,21,2.8,8.382724936268396,0.0,7,44,75
3,28,22,2.8,10.278665763467874,0.0,7,44,75
1,29,1,4.2,9.138754106027593,0.0,7,44,75
1,29,2,3.2,9.250473286710058,0.0,7,44,75
1,29,3,3.0,11.01017240410554,0.0,7,44,75
1,29,4,3.2,9.11975532469596,0.0,7,44,75
1,29,5,3.0,11.335919146724077,0.0,7,44,75
1,29,6,2.8,10.452826985181723,0.0,7,44,75
1,29,7,2.8,11.537915994293419,0.0,7,44,75
1,29,8,2.8,10.675192015111412,0.0,7,44,75
1,29,9,2.8,13.976840945534768,0.0,7,44,75
1,29,10,2.8,11.651530799688578,0.0,7,44,75
1,29,11,2.8,14.444256220117524,0.0,7,44,75
1,29,12,2.8,13.031375526006537,0.0,7,44,75
1,29,13,2.8,13.411181511918858,0.0,7,44,75
1,29,14,2.8,11.672371470629436,0.0,7,44,75
1,29,15,2.8,14.828647807785963,0.0,7,44,75
1,29,16,2.8,14.36571487719694,0.0,7,44,75
1,29,17,3.0,8.054139083759114,0.0,7,44,75
1,29,18,2.8,11.919768262542558,0.0,7,44,75
1,29,19,3.0,9.962462814980187,0.0,7,44,75
1,29,20,2.8,10.789794748604187,0.0,7,44,75
1,29,21,2.8,11.910938286557665,0.0,7,44,75
2,29,1,2.8,13.954235690364191,0.0,7,44,75
2,29,2,2.8,11.271047760605672,0.0,7,44,75
2,29,3,3.2,12.23409039786542,0.0,7,44,75
2,29,4,3.2,9.573591642182336,0.0,7,44,75
2,29,5,2.8,10.623534402681592,0.0,7,44,75
2,29,6,2.8,11.191232418340348,0.0,7,44,75
2,29,7,3.0,17.33662768180683,0.0,7,44,75
2,29,8,2.8,11.581862164227763,0.0,7,44,75
2,29,9,2.8,12.881223054289325,0.0,7,44,75
2,29,10,2.8,11.993026853687494,0.0,7,44,75
2,29,11,2.8,10.039509170576215,0.0,7,44,75
2,29,12,2.8,15.933901908622916,0.0,7,44,75
2,29,13,2.8,14.105724517778,0.0,7,44,75
2,29,14,2.8,11.864988688939967,0.0,7,44,75
2,29,15,2.8,10.290637963213557,0.0,7,44,75
2,29,16,3.0,9.783817093667048,0.0,7,44,75
2,29,17,2.8,11.126205760988649,0.0,7,44,75
2,29,18,2.8,13.414139339207985,0.0,7,44,75
2,29,19,3.0,10.434549215438253,0.0,7,44,75
2,29,20,2.8,9.150567708965465,0.0,7,44,75
2,29,21,3.0,8.753565846494274,0.0,7,44,75
2,29,22,2.0,16.580477998700673,0.0,4,44,75
3,29,1,2.8,9.319564900638735,0.0,7,44,75
3,29,2,2.8,11.252116441705878,0.0,7,44,75
3,29,3,2.8,10.062540521891853,0.0,7,44,75
3,29,4,2.8,10.000921269082705,0.0,7,44,75
3,29,5,2.8,9.522644218993255,0.0,7,44,75
3,29,6,2.8,11.207127999755645,0.0,7,44,75
3,29,7,2.8,9.9582908236501,0.0,7,44,75
3,29,8,2.8,10.544478967442132,0.0,7,44,75
3,29,9,2.8,12.350834854175709,0.0,7,44,75
3,29,10,2.8,11.419700651148728,0.0,7,44,75
3,29,11,2.8,10.940767956122372,0.0,7,44,75
3,29,12,3.0,14.047764070929052,0.0,7,44,75
3,29,13,2.8,11.0636965486899,0.0,7,44,75
3,29,14,2.8,10.428510669398886,0.0,7,44,75
3,29,15,2.8,13.314967764687225,0.0,7,44,75
3,29,16,2.8,11.48696718302736,0.0,7,44,75
3,29,17,2.8,16.014612527698684,0.0,7,44,75
3,29,18,2.8,10.600376595246736,0.0,7,44,75
3,29,19,2.8,12.792848707669094,0.0,7,44,75
3,29,20,2.8,11.978064490730791,0.0,7,44,75
3,29,21,2.8,9.838493771177154,0.0,7,44,75
3,29,22,2.8,10.508030388704602,0.0,7,44,75
1,30,1,4.2,8.53070499804715,0.0,7,44,75
1,30,2,3.2,9.665938727740407,0.0,7,44,75
1,30,3,2.8,12.890312928272241,0.0,7,44,75
1,30,4,3.0,8.503750062619925,0.0,7,44,75
1,30,5,3.0,13.594124494260207,0.0,7,44,75
1,30,6,2.8,11.447254064018914,0.0,7,44,75
1,30,7,2.8,10.679359661915884,0.0,7,44,75
1,30,8,2.8,10.254247772089899,0.0,7,44,75
1,30,9,2.8,13.495380557620996,0.0,7,44,75
1,30,10,2.8,11.745101567795777,0.0,7,44,75
1,30,11,2.8,17.418944340602913,0.0,7,44,75
1,30,12,2.8,13.483018953866445,0.0,7,44,75
1,30,13,2.8,11.299415119584928,0.0,7,44,75
1,30,14,2.8,12.431923533390469,0.0,7,44,75
1,30,15,2.8,14.85595493507292,0.0,7,44,75
1,30,16,2.8,11.445333622622016,0.0,7,44,75
1,30,17,2.8,10.685457962689796,0.0,7,44,75
1,30,18,3.0,9.042344224586147,0.0,7,44,75
1,30,19,3.0,8.810013239045851,0.0,7,44,75
1,30,20,2.8,12.61546456638244,0.0,7,44,75
1,30,21,2.8,10.930785254703183,0.0,7,44,75
2,30,1,2.8,16.210290744007303,0.0,7,44,75
2,30,2,2.8,10.479271902186861,0.0,7,44,75
2,30,3,3.2,11.348755597714556,0.0,7,44,75
2,30,4,3.2,8.764194071825722,0.0,7,44,75
2,30,5,3.0,10.48715126276203,0.0,7,44,75
2,30,6,2.8,10.915929327262065,0.0,7,44,75
2,30,7,3.0,11.872041408040982,0.0,7,44,75
2,30,8,2.8,13.058989686888783,0.0,7,44,75
2,30,9,2.8,12.50183736990578,0.0,7,44,75
2,30,10,2.8,11.823245220149289,0.0,7,44,75
2,30,11,2.8,10.488029278787032,0.0,7,44,75
2,30,12,2.8,11.739182846100405,0.0,7,44,75
2,30,13,2.8,12.200378446708863,0.0,7,44,75
2,30,14,2.8,10.634573937995441,0.0,7,44,75
2,30,15,2.8,10.292325839346589,0.0,7,44,75
2,30,16,3.0,10.08472224055338,0.0,7,44,75
2,30,17,2.8,11.751409765977593,0.0,7,44,75
2,30,18,2.8,11.63676178258398,0.0,7,44,75
2,30,19,3.0,11.11930987664668,0.0,7,44,75
2,30,20,2.8,8.737078747753126,0.0,7,44,75
2,30,21,2.8,8.117969134372796,0.0,7,44,75
2,30,22,2.0,18.25027313764188,0.0,4,44,75
3,30,1,2.8,9.348053416057533,0.0,7,44,75
3,30,2,2.8,12.997727597830535,0.0,7,44,75
3,30,3,2.8,10.062540521891776,0.0,7,44,75
3,30,4,2.8,9.459542541099797,0.0,7,44,75
3,30,5,2.8,8.951234837411416,0.0,7,44,75
3,30,6,2.8,10.283778484707197,0.0,7,44,75
3,30,7,2.8,9.644235886530241,0.0,7,44,75
3,30,8,2.8,11.059279171287809,0.0,7,44,75
3,30,9,2.8,12.897792891276078,0.0,7,44,75
3,30,10,2.8,11.484027637170026,0.0,7,44,75
3,30,11,2.8,12.430601521923519,0.0,7,44,75
3,30,12,3.0,11.983459879694246,0.0,7,44,75
3,30,13,2.8,9.836000423673255,0.0,7,44,75
3,30,14,3.0,9.864369579853307,0.0,7,44,75
3,30,15,2.8,12.339287884420855,0.0,7,44,75
3,30,16,3.0,10.22363059932625,0.0,7,44,75
3,30,17,2.8,12.725425653219197,0.0,7,44,75
3,30,18,2.8,11.49194591224937,0.0,7,44,75
3,30,19,2.8,12.118601089628259,0.0,7,44,75
3,30,20,2.8,10.132354526551653,0.0,7,44,75
3,30,21,2.8,9.745092712507072,0.0,7,44,75
3,30,22,2.8,11.201056220609782,0.0,7,44,75
1,31,1,4.2,9.65102210750332,0.0,7,44,75
1,31,2,3.4,10.147954365513169,0.0,7,44,75
1,31,3,3.0,10.085819609802536,0.0,7,44,75
1,31,4,3.0,9.700345922667609,0.0,7,44,75
1,31,5,3.0,11.33591914672407,0.0,7,44,75
1,31,6,2.8,10.599921088479622,0.0,7,44,75
1,31,7,2.8,11.64944076429346,0.0,7,44,75
1,31,8,2.8,10.27475099071423,0.0,7,44,75
1,31,9,2.8,12.983106243896078,0.0,7,44,75
1,31,10,2.8,10.873623436241663,0.0,7,44,75
1,31,11,2.8,16.147259861231984,0.0,7,44,75
1,31,12,2.8,12.648441297723686,0.0,7,44,75
1,31,13,2.8,13.351751725956698,0.0,7,44,75
1,31,14,2.8,14.237035631096747,0.0,7,44,75
1,31,15,2.8,13.439632256077962,0.0,7,44,75
1,31,16,2.8,14.29754576851482,0.0,7,44,75
1,31,17,3.0,8.756340847189549,0.0,7,44,75
1,31,18,2.8,11.598572885600992,0.0,7,44,75
1,31,19,3.0,9.897014301869367,0.0,7,44,75
1,31,20,2.8,10.17062648551067,0.0,7,44,75
1,31,21,2.8,12.608761338909654,0.0,7,44,75
2,31,1,2.8,14.656462676563926,0.0,7,44,75
2,31,2,3.0,9.246494196044983,0.0,7,44,75
2,31,3,3.0,11.36590701697628,0.0,7,44,75
2,31,4,3.2,10.63944333347042,0.0,7,44,75
2,31,5,3.0,9.194392673016022,0.0,7,44,75
2,31,6,2.8,11.320002708406127,0.0,7,44,75
2,31,7,3.0,12.632171842762185,0.0,7,44,75
2,31,8,2.8,12.126845841490457,0.0,7,44,75
2,31,9,2.8,11.802223094234671,0.0,7,44,75
2,31,10,2.8,11.134467444944942,0.0,7,44,75
2,31,11,2.8,10.633910666392673,0.0,7,44,75
2,31,12,2.8,11.671974000896762,0.0,7,44,75
2,31,13,2.8,12.813839244899269,0.0,7,44,75
2,31,14,2.8,10.399502951499125,0.0,7,44,75
2,31,15,2.8,9.735312809495657,0.0,7,44,75
2,31,16,3.0,11.13086435839296,0.0,7,44,75
2,31,17,2.8,11.81953919828291,0.0,7,44,75
2,31,18,2.8,11.505418216373737,0.0,7,44,75
2,31,19,3.0,11.495494461373942,0.0,7,44,75
2,31,20,2.8,9.754281155807652,0.0,7,44,75
2,31,21,2.8,8.757264493920959,0.0,7,44,75
2,31,22,2.0,17.9819858928055,0.0,4,44,75
3,31,1,2.8,8.721533479163657,0.0,7,44,75
3,31,2,2.8,11.840258398767016,0.0,7,44,75
3,31,3,2.8,10.334587413436921,0.0,7,44,75
3,31,4,2.8,9.134597158520986,0.0,7,44,75
3,31,5,2.8,9.812934888382502,0.0,7,44,75
3,31,6,2.8,9.6205552849179,0.0,7,44,75
3,31,7,2.8,8.965636898283877,0.0,7,44,75
3,31,8,2.8,10.227103551350787,0.0,7,44,75
3,31,9,2.8,13.03523738558681,0.0,7,44,75
3,31,10,2.8,11.108580915188094,0.0,7,44,75
3,31,11,2.8,11.9684271840951,0.0,7,44,75
3,31,12,3.0,10.520004455512167,0.0,7,44,75
3,31,13,2.8,10.16288042432603,0.0,7,44,75
3,31,14,2.8,10.185374085921325,0.0,7,44,75
3,31,15,2.8,14.212238722248594,0.0,7,44,75
3,31,16,2.8,10.118659241695392,0.0,7,44,75
3,31,17,2.8,15.766906161330937,0.0,7,44,75
3,31,18,2.8,9.512267849791677,0.0,7,44,75
3,31,19,2.8,12.23006476025885,0.0,7,44,75
3,31,20,2.8,11.77059672171437,0.0,7,44,75
3,31,21,2.8,8.998900307050452,0.0,7,44,75
3,31,22,2.8,11.139610223035397,0.0,7,44,75
1,32,1,4.2,9.808104415246834,0.0,7,44,75
1,32,2,3.4,10.26900689617651,0.0,7,44,75
1,32,3,3.0,12.647094650408242,0.0,7,44,75
1,32,4,3.0,10.314693508050569,0.0,7,44,75
1,32,5,3.0,10.050296776801666,0.0,7,44,75
1,32,6,2.8,9.985175713298325,0.0,7,44,75
1,32,7,2.8,11.194959704736403,0.0,7,44,75
1,32,8,2.8,12.01627268261394,0.0,7,44,75
1,32,9,2.8,14.308719097263742,0.0,7,44,75
1,32,10,2.8,11.196889830091525,0.0,7,44,75
1,32,11,2.8,15.849960523782151,0.0,7,44,75
1,32,12,2.8,14.299185931825145,0.0,7,44,75
1,32,13,2.8,12.545635272603862,0.0,7,44,75
1,32,14,2.8,11.472374323533252,0.0,7,44,75
1,32,15,2.8,14.334803324326511,0.0,7,44,75
1,32,16,2.8,15.673479513859249,0.0,7,44,75
1,32,17,3.0,9.018432130506215,0.0,7,44,75
1,32,18,2.8,11.62094024447691,0.0,7,44,75
1,32,19,3.0,9.816403086793912,0.0,7,44,75
1,32,20,2.8,9.634040887300904,0.0,7,44,75
1,32,21,2.8,11.86403779725062,0.0,7,44,75
2,32,1,3.0,15.169199025777633,0.0,7,44,75
2,32,2,3.0,9.19451433114153,0.0,7,44,75
2,32,3,3.8,8.645484213348036,0.125,7,44,75
2,32,4,2.8,11.375545310507137,0.0,7,44,75
2,32,5,2.8,10.911193687405314,0.0,7,44,75
2,32,6,2.8,11.39732161064686,0.0,7,44,75
2,32,7,3.0,11.034017642327287,0.0,7,44,75
2,32,8,2.8,11.94920551132283,0.0,7,44,75
2,32,9,2.8,13.361678182974352,0.0,7,44,75
2,32,10,2.8,12.294025141109431,0.0,7,44,75
2,32,11,2.8,11.233268100088702,0.0,7,44,75
2,32,12,2.8,13.519024148144192,0.0,7,44,75
2,32,13,2.8,12.085556625060265,0.0,7,44,75
2,32,14,2.8,11.219683510614523,0.0,7,44,75
2,32,15,3.0,9.234867872836,0.0,7,44,75
2,32,16,2.8,10.162878227499009,0.0,7,44,75
2,32,17,2.8,10.825852801372944,0.0,7,44,75
2,32,18,2.8,11.082658058128214,0.0,7,44,75
2,32,19,3.0,9.7900442941085,0.0,7,44,75
2,32,20,2.8,8.843159731745326,0.0,7,44,75
2,32,21,2.8,10.200393809851771,0.0,7,44,75
3,32,1,2.8,9.434573655983197,0.0,7,44,75
3,32,2,2.8,10.083410589022767,0.0,7,44,75
3,32,3,2.8,11.043698510210092,0.0,7,44,75
3,32,4,2.8,10.050222748367888,0.0,7,44,75
3,32,5,2.8,10.07147930565915,0.0,7,44,75
3,32,6,2.8,9.355662463246832,0.0,7,44,75
3,32,7,2.8,9.89385412237413,0.0,7,44,75
3,32,8,2.8,10.418742438576539,0.0,7,44,75
3,32,9,2.8,13.925622338953579,0.0,7,44,75
3,32,10,2.8,12.121299033462689,0.0,7,44,75
3,32,11,2.8,12.957296954835021,0.0,7,44,75
3,32,12,3.0,13.579901728401655,0.0,7,44,75
3,32,13,2.8,11.587733312203898,0.0,7,44,75
3,32,14,2.8,10.151562707099139,0.0,7,44,75
3,32,15,2.8,12.62769788494992,0.0,7,44,75
3,32,16,2.8,9.747741332623047,0.0,7,44,75
3,32,17,2.8,14.740883924190523,0.0,7,44,75
3,32,18,2.8,10.043353719199507,0.0,7,44,75
3,32,19,2.8,13.558564752671257,0.0,7,44,75
3,32,20,2.8,10.699814678077361,0.0,7,44,75
3,32,21,2.8,9.591626311537881,0.0,7,44,75
3,32,22,2.8,11.626662873344296,0.0,7,44,75
1,33,1,4.2,8.172074027415235,0.0,7,44,75
1,33,2,3.2,10.638626206770208,0.0,7,44,75
1,33,3,3.0,11.427766505234993,0.0,7,44,75
1,33,4,3.2,8.538275380365118,0.0,7,44,75
1,33,5,3.0,11.421864542980927,0.0,7,44,75
1,33,6,2.8,9.88687988155568,0.0,7,44,75
1,33,7,2.8,12.341325524919878,0.0,7,44,75
1,33,8,2.8,10.907056038635897,0.0,7,44,75
1,33,9,2.8,15.022115184688834,0.0,7,44,75
1,33,10,2.8,12.193805011127116,0.0,7,44,75
1,33,11,2.8,16.322206896180546,0.0,7,44,75
1,33,12,2.8,12.809765046685722,0.0,7,44,75
1,33,13,2.8,12.416386400094618,0.0,7,44,75
1,33,14,2.8,12.814131948205588,0.0,7,44,75
1,33,15,2.8,12.492350151286947,0.0,7,44,75
1,33,16,2.8,12.890646779966449,0.0,7,44,75
1,33,17,3.0,9.197371962900451,0.0,7,44,75
1,33,18,2.8,11.422686716163902,0.0,7,44,75
1,33,19,2.8,9.948100638323123,0.0,7,44,75
1,33,20,2.8,11.840934061595382,0.0,7,44,75
1,33,21,3.0,8.420603499874662,0.0,7,44,75
2,33,1,2.8,15.998280369997914,0.0,7,44,75
2,33,2,2.8,10.268152729751433,0.0,7,44,75
2,33,3,3.2,11.563318045080038,0.0,7,44,75
2,33,4,3.2,9.588600689680502,0.0,7,44,75
2,33,5,3.0,9.705028034260206,0.0,7,44,75
2,33,6,2.8,12.474411429097449,0.0,7,44,75
2,33,7,3.0,11.690501738527027,0.0,7,44,75
2,33,8,2.8,14.904798336556667,0.0,7,44,75
2,33,9,2.8,11.82504172081898,0.0,7,44,75
2,33,10,2.8,9.844132663414024,0.0,7,44,75
2,33,11,2.8,11.471613125118195,0.0,7,44,75
2,33,12,2.8,12.610541833672583,0.0,7,44,75
2,33,13,2.8,13.6123746885212,0.0,7,44,75
2,33,14,2.8,10.88051781318492,0.0,7,44,75
2,33,15,2.8,9.582779599390822,0.0,7,44,75
2,33,16,3.0,10.683666169847074,0.0,7,44,75
2,33,17,2.8,10.340746919613714,0.0,7,44,75
2,33,18,2.8,12.941808246584745,0.0,7,44,75
2,33,19,3.0,10.65442841187299,0.0,7,44,75
2,33,20,2.8,9.616253321342871,0.0,7,44,75
2,33,21,2.8,8.053829852009445,0.0,7,44,75
2,33,22,2.0,21.833540601353477,0.0,4,44,75
3,33,1,2.8,9.277156219988424,0.0,7,44,75
3,33,2,2.8,10.70088383566938,0.0,7,44,75
3,33,3,2.8,10.771404607049362,0.0,7,44,75
3,33,4,2.8,9.887744244330017,0.0,7,44,75
3,33,5,2.8,9.552389809229824,0.0,7,44,75
3,33,6,2.8,10.946374007044128,0.0,7,44,75
3,33,7,2.8,9.450509228301218,0.0,7,44,75
3,33,8,2.8,11.2629371751615,0.0,7,44,75
3,33,9,2.8,12.87065107442899,0.0,7,44,75
3,33,10,2.8,11.272370707598268,0.0,7,44,75
3,33,11,2.8,11.539388475222111,0.0,7,44,75
3,33,12,3.0,13.825479938975413,0.0,7,44,75
3,33,13,2.8,11.88034653848557,0.0,7,44,75
3,33,14,2.8,10.0680082791908,0.0,7,44,75
3,33,15,2.8,12.524264814737144,0.0,7,44,75
3,33,16,2.8,10.135427503356127,0.0,7,44,75
3,33,17,2.8,13.654840714333732,0.0,7,44,75
3,33,18,2.8,10.07644695066603,0.0,7,44,75
3,33,19,2.8,13.17876490811894,0.0,7,44,75
3,33,20,2.8,12.886619333439997,0.0,7,44,75
3,33,21,2.8,8.881293843934698,0.0,7,44,75
3,33,22,2.8,10.999374383320127,0.0,7,44,75
1,34,1,4.2,9.604873870617608,0.0,7,44,75
1,34,2,3.2,11.150449633615175,0.0,7,44,75
1,34,3,3.0,12.519936381543923,0.0,7,44,75
1,34,4,3.2,9.317162890152588,0.0,7,44,75
1,34,5,3.0,11.378729557275673,0.0,7,44,75
1,34,6,2.8,10.946514148094215,0.0,7,44,75
1,34,7,2.8,11.299922865439793,0.0,7,44,75
1,34,8,2.8,10.770593296655754,0.0,7,44,75
1,34,9,2.8,11.766281671956147,0.0,7,44,75
1,34,10,2.8,11.765273596995074,0.0,7,44,75
1,34,11,2.8,14.798984640465632,0.0,7,44,75
1,34,12,2.8,16.05123597419034,0.0,7,44,75
1,34,13,2.8,12.020115019967896,0.0,7,44,75
1,34,14,2.8,12.652698881715407,0.0,7,44,75
1,34,15,2.8,16.226155159658042,0.0,7,44,75
1,34,16,2.8,13.317986661132927,0.0,7,44,75
1,34,17,2.8,9.74061050153359,0.0,7,44,75
1,34,18,2.8,8.98945236891871,0.0,7,44,75
1,34,19,3.0,10.380903428084059,0.0,7,44,75
1,34,20,2.8,11.181779842101548,0.0,7,44,75
1,34,21,3.0,8.827676649053815,0.0,7,44,75
2,34,1,2.8,15.394266966052472,0.0,7,44,75
2,34,2,2.8,10.987571280666097,0.0,7,44,75
2,34,3,3.8,8.657795106982846,0.125,7,44,75
2,34,4,2.8,12.654076344065647,0.0,7,44,75
2,34,5,2.8,9.643570625345001,0.0,7,44,75
2,34,6,2.8,10.649823633774593,0.0,7,44,75
2,34,7,3.0,11.53614875155022,0.0,7,44,75
2,34,8,2.8,13.641529540534343,0.0,7,44,75
2,34,9,2.8,12.897282580041345,0.0,7,44,75
2,34,10,2.8,11.383144634136903,0.0,7,44,75
2,34,11,2.8,8.685792970173484,0.0,7,44,75
2,34,12,2.8,14.596919881437987,0.0,7,44,75
2,34,13,2.8,12.4234169661163,0.0,7,44,75
2,34,14,2.8,11.537308599759038,0.0,7,44,75
2,34,15,2.8,11.055075638426002,0.0,7,44,75
2,34,16,3.0,9.204457823509875,0.0,7,44,75
2,34,17,2.8,10.835379596840113,0.0,7,44,75
2,34,18,2.8,15.005703643591833,0.0,7,44,75
2,34,19,3.0,9.676720056775604,0.0,7,44,75
2,34,20,2.8,8.662828108427224,0.0,7,44,75
2,34,21,2.8,8.40813299174307,0.0,7,44,75
2,34,22,2.0,20.044642921440673,0.0,4,44,75
3,34,1,2.8,9.362363087593756,0.0,7,44,75
3,34,2,2.8,11.04884604262655,0.0,7,44,75
3,34,3,2.8,10.230863313289936,0.0,7,44,75
3,34,4,2.8,9.593077069699003,0.0,7,44,75
3,34,5,2.8,9.703949448194587,0.0,7,44,75
3,34,6,2.8,10.441791640054898,0.0,7,44,75
3,34,7,2.8,10.310841213156994,0.0,7,44,75
3,34,8,2.8,11.221607714317821,0.0,7,44,75
3,34,9,2.8,13.957401482159176,0.0,7,44,75
3,34,10,2.8,11.681431573176436,0.0,7,44,75
3,34,11,2.8,11.561201141315266,0.0,7,44,75
3,34,12,3.6,9.824246976335901,0.125,7,44,75
3,34,13,2.8,11.238330280063767,0.0,7,44,75
3,34,14,2.8,9.652923037380603,0.0,7,44,75
3,34,15,2.8,14.33875760726404,0.0,7,44,75
3,34,16,2.8,10.031124685052166,0.0,7,44,75
3,34,17,2.8,15.00963882292002,0.0,7,44,75
3,34,18,2.8,10.601281591339129,0.0,7,44,75
3,34,19,2.8,11.283601765922707,0.0,7,44,75
3,34,20,2.8,11.470822550682785,0.0,7,44,75
3,34,21,2.8,8.784661187890123,0.0,7,44,75
3,34,22,2.8,10.425277457851095,0.0,7,44,75
1,35,1,4.2,8.766499469122836,0.0,7,44,75
1,35,2,3.4,9.13287744624249,0.0,7,44,75
1,35,3,3.0,10.694396233092535,0.0,7,44,75
1,35,4,3.0,8.820068153349553,0.0,7,44,75
1,35,5,3.0,11.065316029033228,0.0,7,44,75
1,35,6,2.8,11.402189633717104,0.0,7,44,75
1,35,7,2.8,12.546894188337307,0.0,7,44,75
1,35,8,2.8,12.01627268261394,0.0,7,44,75
1,35,9,2.8,16.14934624471569,0.0,7,44,75
1,35,10,2.8,11.093823328090473,0.0,7,44,75
1,35,11,2.8,13.180519553286958,0.0,7,44,75
1,35,12,2.8,13.713453154475086,0.0,7,44,75
1,35,13,2.8,11.739122735774872,0.0,7,44,75
1,35,14,2.8,14.581537654917202,0.0,7,44,75
1,35,15,2.8,12.57052874079507,0.0,7,44,75
1,35,16,2.8,14.365714877196977,0.0,7,44,75
1,35,17,3.0,8.41400503069917,0.0,7,44,75
1,35,18,3.0,11.425162115507199,0.0,7,44,75
1,35,19,2.8,13.45132724339924,0.0,7,44,75
1,35,20,3.0,9.467272731733694,0.0,7,44,75
1,35,21,3.2,9.610326629119193,0.0,7,44,75
2,35,1,2.8,15.472153571604307,0.0,7,44,75
2,35,2,3.0,9.986268827639348,0.0,7,44,75
2,35,3,3.0,11.669511234967933,0.0,7,44,75
2,35,4,3.2,9.835310425123877,0.0,7,44,75
2,35,5,3.0,10.056079820328272,0.0,7,44,75
2,35,6,2.8,11.362061487502034,0.0,7,44,75
2,35,7,3.0,12.131065424175398,0.0,7,44,75
2,35,8,2.8,13.14317847129556,0.0,7,44,75
2,35,9,2.8,13.406141655441386,0.0,7,44,75
2,35,10,2.8,13.522372662930795,0.0,7,44,75
2,35,11,2.8,10.802955184383498,0.0,7,44,75
2,35,12,2.8,11.347151995827366,0.0,7,44,75
2,35,13,2.8,12.681000187710152,0.0,7,44,75
2,35,14,2.8,10.242757487351856,0.0,7,44,75
2,35,15,2.8,9.673720507290199,0.0,7,44,75
2,35,16,3.0,10.873606381218007,0.0,7,44,75
2,35,17,2.8,11.110958971415313,0.0,7,44,75
2,35,18,2.8,13.543636459949843,0.0,7,44,75
2,35,19,3.2,8.84712137891433,0.0,7,44,75
2,35,20,2.8,9.129349823232703,0.0,7,44,75
2,35,21,2.8,9.33239262662197,0.0,7,44,75
3,35,1,3.0,9.45713120954975,0.0,7,44,75
3,35,2,2.8,11.711518190124146,0.0,7,44,75
3,35,3,2.8,11.564112318546616,0.0,7,44,75
3,35,4,2.8,9.518731465431891,0.0,7,44,75
3,35,5,2.8,10.332519629809218,0.0,7,44,75
3,35,6,2.8,9.227151298941767,0.0,7,44,75
3,35,7,3.0,9.181818097055595,0.0,7,44,75
3,35,8,2.8,10.711649385467169,0.0,7,44,75
3,35,9,2.8,14.410676248592612,0.0,7,44,75
3,35,10,2.8,11.856329513580645,0.0,7,44,75
3,35,11,2.8,13.069384274812288,0.0,7,44,75
3,35,12,3.0,13.705071549905469,0.0,7,44,75
3,35,13,2.8,9.635373284333335,0.0,7,44,75
3,35,14,2.8,9.68943182284687,0.0,7,44,75
3,35,15,2.8,13.54366376863198,0.0,7,44,75
3,35,16,2.8,11.453410887121471,0.0,7,44,75
3,35,17,2.8,12.968265369218267,0.0,7,44,75
3,35,18,2.8,11.055708945570787,0.0,7,44,75
3,35,19,2.8,12.289049049561825,0.0,7,44,75
3,35,20,2.8,10.355373859376202,0.0,7,44,75
3,35,21,2.8,9.776246518793808,0.0,7,44,75
3,35,22,3.0,9.448777760544015,0.0,7,44,75
1,36,1,4.2,8.518645635320619,0.0,7,44,75
1,36,2,3.4,9.522544124826203,0.0,7,44,75
1,36,3,3.0,10.946954636565117,0.0,7,44,75
1,36,4,3.0,9.211041883604878,0.0,7,44,75
1,36,5,3.0,12.724224284086134,0.0,7,44,75
1,36,6,2.8,10.906888571332749,0.0,7,44,75
1,36,7,2.8,10.679136469481517,0.0,7,44,75
1,36,8,2.8,9.452756626193073,0.0,7,44,75
1,36,9,2.8,13.153137238350654,0.0,7,44,75
1,36,10,2.8,11.674103077828455,0.0,7,44,75
1,36,11,2.8,14.07319176364687,0.0,7,44,75
1,36,12,2.8,11.852354361385439,0.0,7,44,75
1,36,13,2.8,13.176581164520538,0.0,7,44,75
1,36,14,2.8,11.649805881764749,0.0,7,44,75
1,36,15,2.8,14.368984476380243,0.0,7,44,75
1,36,16,2.8,11.898026531085542,0.0,7,44,75
1,36,17,3.0,8.521085204310241,0.0,7,44,75
1,36,18,2.8,12.087130684394316,0.0,7,44,75
1,36,19,2.8,11.185273748858542,0.0,7,44,75
1,36,20,2.8,12.32531015123888,0.0,7,44,75
1,36,21,3.0,8.840627502561011,0.0,7,44,75
2,36,1,3.0,13.348342671427476,0.0,7,44,75
2,36,2,3.0,9.845774239609073,0.0,7,44,75
2,36,3,3.2,10.488834787206683,0.0,7,44,75
2,36,4,3.2,8.886731956506452,0.0,7,44,75
2,36,5,2.8,10.138602882707547,0.0,7,44,75
2,36,6,2.8,10.496373140216228,0.0,7,44,75
2,36,7,3.0,13.990105548037356,0.0,7,44,75
2,36,8,2.8,13.307306547636935,0.0,7,44,75
2,36,9,2.8,12.948756591491074,0.0,7,44,75
2,36,10,2.8,12.064196757405837,0.0,7,44,75
2,36,11,2.8,10.940482252152005,0.0,7,44,75
2,36,12,2.8,13.681326861318249,0.0,7,44,75
2,36,13,2.8,12.145322585837528,0.0,7,44,75
2,36,14,2.8,11.547522590155763,0.0,7,44,75
2,36,15,3.0,8.419828690828828,0.0,7,44,75
2,36,16,2.8,11.82270851576125,0.0,7,44,75
2,36,17,2.8,10.967829148350036,0.0,7,44,75
2,36,18,2.8,12.778469379599501,0.0,7,44,75
2,36,19,3.0,10.770501389350096,0.0,7,44,75
2,36,20,2.8,8.929420100559796,0.0,7,44,75
2,36,21,3.0,10.074256102461081,0.0,7,44,75
3,36,1,2.8,9.781617041364699,0.0,7,44,75
3,36,2,2.8,11.659682046832277,0.0,7,44,75
3,36,3,2.8,11.0237932160412,0.0,7,44,75
3,36,4,2.8,10.891384749441247,0.0,7,44,75
3,36,5,2.8,8.925110244243227,0.0,7,44,75
3,36,6,2.8,10.623155844667965,0.0,7,44,75
3,36,7,2.8,9.783073989723837,0.0,7,44,75
3,36,8,2.8,10.710669878298418,0.0,7,44,75
3,36,9,2.8,12.106360715617088,0.0,7,44,75
3,36,10,2.8,13.080472893616887,0.0,7,44,75
3,36,11,2.8,12.207307276534388,0.0,7,44,75
3,36,12,3.0,12.472200347748329,0.0,7,44,75
3,36,13,2.8,10.603357413041255,0.0,7,44,75
3,36,14,2.8,9.778273098729331,0.0,7,44,75
3,36,15,2.8,12.866786999670252,0.0,7,44,75
3,36,16,2.8,11.071105076908736,0.0,7,44,75
3,36,17,2.8,13.24097667277236,0.0,7,44,75
3,36,18,2.8,10.806400705376385,0.0,7,44,75
3,36,19,2.8,12.608243942706766,0.0,7,44,75
3,36,20,2.8,11.570193539498412,0.0,7,44,75
3,36,21,2.8,10.354859636304782,0.0,7,44,75
3,36,22,3.0,8.8460702597208,0.0,7,44,75
1,37,1,4.2,10.121097819562157,0.0,7,44,75
1,37,2,3.2,10.752524210252451,0.0,7,44,75
1,37,3,3.0,10.40199587341152,0.0,7,44,75
1,37,4,3.2,9.051264666907318,0.0,7,44,75
1,37,5,3.0,12.062017681992035,0.0,7,44,75
1,37,6,2.8,10.274602377326156,0.0,7,44,75
1,37,7,2.8,10.83271565102207,0.0,7,44,75
1,37,8,2.8,11.827593051921074,0.0,7,44,75
1,37,9,2.8,13.357222877597962,0.0,7,44,75
1,37,10,2.8,11.696762983375303,0.0,7,44,75
1,37,11,2.8,14.239466090166813,0.0,7,44,75
1,37,12,2.8,14.198113643613862,0.0,7,44,75
1,37,13,2.8,13.906368989655007,0.0,7,44,75
1,37,14,2.8,12.04569008954618,0.0,7,44,75
1,37,15,2.8,14.756025536717837,0.0,7,44,75
1,37,16,2.8,13.99862353335887,0.0,7,44,75
1,37,17,3.0,8.794679142184375,0.0,7,44,75
1,37,18,2.8,12.184893528968225,0.0,7,44,75
1,37,19,3.0,10.518953783776837,0.0,7,44,75
1,37,20,2.8,10.82857255801497,0.0,7,44,75
1,37,21,2.8,11.934527860608029,0.0,7,44,75
2,37,1,2.8,13.116322237602876,0.0,7,44,75
2,37,2,3.0,9.953764319240562,0.0,7,44,75
2,37,3,3.4,11.722497822062083,0.0,7,44,75
2,37,4,3.4,8.915853004959652,0.0,7,44,75
2,37,5,2.8,11.252458577288586,0.0,7,44,75
2,37,6,2.8,11.02743153542993,0.0,7,44,75
2,37,7,3.0,10.66833290510693,0.0,7,44,75
2,37,8,2.8,12.9347707403599,0.0,7,44,75
2,37,9,2.8,12.514162960485454,0.0,7,44,75
2,37,10,2.8,11.572883815581406,0.0,7,44,75
2,37,11,2.8,9.96979901961628,0.0,7,44,75
2,37,12,2.8,11.707549044605702,0.0,7,44,75
2,37,13,2.8,11.560166873773715,0.0,7,44,75
2,37,14,2.8,11.472224863831972,0.0,7,44,75
2,37,15,3.0,8.635105564858055,0.0,7,44,75
2,37,16,2.8,11.609726438975914,0.0,7,44,75
2,37,17,2.8,10.768669605334205,0.0,7,44,75
2,37,18,2.8,13.535304614983318,0.0,7,44,75
2,37,19,3.0,11.395178980363395,0.0,7,44,75
2,37,20,2.8,8.126422897975297,0.0,7,44,75
2,37,21,2.8,9.871135277252751,0.0,7,44,75
3,37,1,2.8,9.876389713243668,0.0,7,44,75
3,37,2,2.8,11.615395308308239,0.0,7,44,75
3,37,3,2.8,10.230863313289936,0.0,7,44,75
3,37,4,2.8,9.301297770244345,0.0,7,44,75
3,37,5,2.8,9.463705355057632,0.0,7,44,75
3,37,6,2.8,10.283778484707037,0.0,7,44,75
3,37,7,2.8,10.08971543767304,0.0,7,44,75
3,37,8,2.8,10.401024449922092,0.0,7,44,75
3,37,9,2.8,13.957401482159176,0.0,7,44,75
3,37,10,2.8,12.887536396235662,0.0,7,44,75
3,37,11,2.8,10.940767956122462,0.0,7,44,75
3,37,12,3.0,12.150101380350765,0.0,7,44,75
3,37,13,2.8,11.185095292944457,0.0,7,44,75
3,37,14,2.8,10.57272964412055,0.0,7,44,75
3,37,15,2.8,13.641647833419823,0.0,7,44,75
3,37,16,2.8,10.429237487654856,0.0,7,44,75
3,37,17,2.8,17.732571899307814,0.0,7,44,75
3,37,18,2.8,9.366591632129866,0.0,7,44,75
3,37,19,2.8,13.351378531945002,0.0,7,44,75
3,37,20,2.8,10.461882893274922,0.0,7,44,75
3,37,21,2.8,9.621805100047611,0.0,7,44,75
3,37,22,2.8,10.058706207490529,0.0,7,44,75
1,38,1,4.2,9.194529852645433,0.0,7,44,75
1,38,2,3.2,15.200769573060665,0.0,7,44,75
1,38,3,3.0,10.566147326067707,0.0,7,44,75
1,38,4,3.2,9.331590960924277,0.0,7,44,75
1,38,5,3.0,11.443554907219545,0.0,7,44,75
1,38,6,2.8,10.770429993613636,0.0,7,44,75
1,38,7,2.8,10.83271565102207,0.0,7,44,75
1,38,8,2.8,11.402372656475396,0.0,7,44,75
1,38,9,2.8,13.29826929887457,0.0,7,44,75
1,38,10,2.8,11.28073220427908,0.0,7,44,75
1,38,11,2.8,15.933780181673532,0.0,7,44,75
1,38,12,2.8,13.71345315447512,0.0,7,44,75
1,38,13,2.8,11.449173470161357,0.0,7,44,75
1,38,14,2.8,12.418034367280312,0.0,7,44,75
1,38,15,2.8,16.096130048586417,0.0,7,44,75
1,38,16,2.8,12.41269701743652,0.0,7,44,75
1,38,17,3.0,8.65572074273393,0.0,7,44,75
1,38,18,2.8,11.688562947225563,0.0,7,44,75
1,38,19,3.0,9.597521910897022,0.0,7,44,75
1,38,20,2.8,9.77468535803935,0.0,7,44,75
1,38,21,3.4,7.980913007337928,0.0,7,44,75
2,38,1,3.0,12.683962680532707,0.0,7,44,75
2,38,2,3.2,9.34712390698821,0.0,7,44,75
2,38,3,3.4,9.382636982788638,0.0,7,44,75
2,38,4,3.4,8.396527637882684,0.0,7,44,75
2,38,5,2.8,14.112394058218637,0.0,7,44,75
2,38,6,2.8,10.237012403296028,0.0,7,44,75
2,38,7,3.0,10.93008906990181,0.0,7,44,75
2,38,8,2.8,13.684041246534365,0.0,7,44,75
2,38,9,2.8,15.677696242358003,0.0,7,44,75
2,38,10,2.8,12.736245925661937,0.0,7,44,75
2,38,11,2.8,10.869178274648878,0.0,7,44,75
2,38,12,2.8,11.216315548626806,0.0,7,44,75
2,38,13,2.8,11.086742404020999,0.0,7,44,75
2,38,14,2.8,12.156775176349678,0.0,7,44,75
2,38,15,3.0,9.652036186941515,0.0,7,44,75
2,38,16,2.8,11.364851148346705,0.0,7,44,75
2,38,17,2.8,11.411966623826475,0.0,7,44,75
2,38,18,2.8,12.428477068915317,0.0,7,44,75
2,38,19,3.0,11.502073233243209,0.0,7,44,75
2,38,20,2.8,7.938078214935327,0.0,7,44,75
2,38,21,3.0,8.87728469436267,0.0,7,44,75
3,38,1,2.8,9.420042567588117,0.0,7,44,75
3,38,2,2.8,10.757347505640297,0.0,7,44,75
3,38,3,2.8,10.265205895201538,0.0,7,44,75
3,38,4,2.8,9.593077069699074,0.0,7,44,75
3,38,5,2.8,9.235069488178066,0.0,7,44,75
3,38,6,2.8,10.83007500251798,0.0,7,44,75
3,38,7,2.8,10.040026691278817,0.0,7,44,75
3,38,8,2.8,10.654693877780055,0.0,7,44,75
3,38,9,2.8,12.058622705467766,0.0,7,44,75
3,38,10,2.8,11.978856795354407,0.0,7,44,75
3,38,11,2.8,11.945052371370041,0.0,7,44,75
3,38,12,2.8,14.064300741446012,0.0,7,44,75
3,38,13,2.8,9.68076315448334,0.0,7,44,75
3,38,14,2.8,10.44463676496471,0.0,7,44,75
3,38,15,2.8,12.14215493238237,0.0,7,44,75
3,38,16,2.8,12.350117518283403,0.0,7,44,75
3,38,17,2.8,16.4728810097641,0.0,7,44,75
3,38,18,3.0,9.353482122489929,0.0,7,44,75
3,38,19,2.8,13.865952409809776,0.0,7,44,75
3,38,20,2.8,11.087762359502632,0.0,7,44,75
3,38,21,2.8,9.870248594569599,0.0,7,44,75
3,38,22,2.8,10.748089925475966,0.0,7,44,75
1,39,1,4.2,8.172074027415237,0.0,7,44,75
1,39,2,3.4,10.165072556615439,0.0,7,44,75
1,39,3,3.0,9.727632530710123,0.0,7,44,75
1,39,4,3.0,9.669216048610982,0.0,7,44,75
1,39,5,3.0,12.384274995324281,0.0,7,44,75
1,39,6,2.8,11.577440300393574,0.0,7,44,75
1,39,7,2.8,11.763142560106647,0.0,7,44,75
1,39,8,2.8,8.689436038049934,0.0,7,44,75
1,39,9,2.8,13.537262105858558,0.0,7,44,75
1,39,10,2.8,9.7164588784932,0.0,7,44,75
1,39,11,2.8,14.798984640465672,0.0,7,44,75
1,39,12,2.8,15.124640332268783,0.0,7,44,75
1,39,13,2.8,12.758125218937014,0.0,7,44,75
1,39,14,2.8,12.142781033244873,0.0,7,44,75
1,39,15,2.8,14.166308210500041,0.0,7,44,75
1,39,16,2.8,11.577986080115716,0.0,7,44,75
1,39,17,3.0,8.924933989527148,0.0,7,44,75
1,39,18,2.8,13.257155657938354,0.0,7,44,75
1,39,19,3.0,10.303133625177551,0.0,7,44,75
1,39,20,3.0,9.192863828298389,0.0,7,44,75
1,39,21,3.2,10.04276486710794,0.0,7,44,75
2,39,1,3.0,13.175807029865576,0.0,7,44,75
2,39,2,3.0,10.783146597839876,0.0,7,44,75
2,39,3,3.2,11.559308098358501,0.0,7,44,75
2,39,4,3.4,9.00777115689661,0.0,7,44,75
2,39,5,2.8,10.969904673327786,0.0,7,44,75
2,39,6,2.8,10.115514456481579,0.0,7,44,75
2,39,7,3.0,10.724452684035235,0.0,7,44,75
2,39,8,2.8,14.533005273767722,0.0,7,44,75
2,39,9,2.8,13.908619246695338,0.0,7,44,75
2,39,10,2.8,11.295043131833435,0.0,7,44,75
2,39,11,2.8,10.44660605219573,0.0,7,44,75
2,39,12,2.8,10.97242654972644,0.0,7,44,75
2,39,13,2.8,11.692770616950567,0.0,7,44,75
2,39,14,2.8,10.107218152031143,0.0,7,44,75
2,39,15,3.0,8.9773222910015,0.0,7,44,75
2,39,16,2.8,11.267516077038733,0.0,7,44,75
2,39,17,2.8,11.22316363604117,0.0,7,44,75
2,39,18,2.8,13.50541646629077,0.0,7,44,75
2,39,19,3.0,10.181170213172125,0.0,7,44,75
2,39,20,2.8,8.01986407205891,0.0,7,44,75
2,39,21,3.0,8.778250089877956,0.0,7,44,75
3,39,1,3.0,9.774524203181857,0.0,7,44,75
3,39,2,2.8,11.238092856088848,0.0,7,44,75
3,39,3,2.8,11.286687597564656,0.0,7,44,75
3,39,4,2.8,11.089260851228097,0.0,7,44,75
3,39,5,2.8,10.492045795199065,0.0,7,44,75
3,39,6,2.8,8.167467038986604,0.0,7,44,75
3,39,7,3.0,10.29455289713279,0.0,7,44,75
3,39,8,2.8,10.473196837677797,0.0,7,44,75
3,39,9,2.8,14.44471050007271,0.0,7,44,75
3,39,10,2.8,11.308292004348623,0.0,7,44,75
3,39,11,2.8,15.524201207240875,0.0,7,44,75
3,39,12,3.0,12.629648894990616,0.0,7,44,75
3,39,13,2.8,10.046898950422767,0.0,7,44,75
3,39,14,2.8,9.94142568592352,0.0,7,44,75
3,39,15,2.8,15.460931921535147,0.0,7,44,75
3,39,16,2.8,11.561665961592437,0.0,7,44,75
3,39,17,2.8,13.277956534853237,0.0,7,44,75
3,39,18,2.8,10.996078414148739,0.0,7,44,75
3,39,19,2.8,12.776822012031536,0.0,7,44,75
3,39,20,2.8,9.667879259625064,0.0,7,44,75
3,39,21,2.8,8.986231351814743,0.0,7,44,75
3,39,22,2.8,9.52621517043,0.0,7,44,75
1,40,1,4.2,9.04275773627953,0.0,7,44,75
1,40,2,3.4,10.501654402478673,0.0,7,44,75
1,40,3,3.0,9.95255808261629,0.0,7,44,75
1,40,4,3.0,9.045131423958148,0.0,7,44,75
1,40,5,3.0,10.29057558595192,0.0,7,44,75
1,40,6,2.8,11.274194366987821,0.0,7,44,75
1,40,7,2.8,11.78614978291085,0.0,7,44,75
1,40,8,2.8,11.274373303733386,0.0,7,44,75
1,40,9,2.8,13.327680894834055,0.0,7,44,75
1,40,10,2.8,10.699857882130411,0.0,7,44,75
1,40,11,2.8,17.158785617137298,0.0,7,44,75
1,40,12,2.8,13.087981440121975,0.0,7,44,75
1,40,13,2.8,12.57180862187669,0.0,7,44,75
1,40,14,2.8,12.31651020799439,0.0,7,44,75
1,40,15,2.8,12.92092493708953,0.0,7,44,75
1,40,16,2.8,14.096865723052437,0.0,7,44,75
1,40,17,2.8,9.510027083683319,0.0,7,44,75
1,40,18,3.0,10.460231279594012,0.0,7,44,75
1,40,19,3.0,9.315622935974373,0.0,7,44,75
1,40,20,3.0,9.041146254571775,0.0,7,44,75
1,40,21,3.2,9.034026917940487,0.0,7,44,75
2,40,1,2.8,13.765792039842005,0.0,7,44,75
2,40,2,2.8,10.736819678191477,0.0,7,44,75
2,40,3,3.8,8.128499237682071,0.125,7,44,75
2,40,4,2.8,9.923422874830678,0.0,7,44,75
2,40,5,2.8,10.688453008853271,0.0,7,44,75
2,40,6,2.8,11.468588589672496,0.0,7,44,75
2,40,7,3.0,10.65210837636013,0.0,7,44,75
2,40,8,2.8,12.893806824118135,0.0,7,44,75
2,40,9,2.8,14.020793801110091,0.0,7,44,75
2,40,10,2.8,11.014159293617586,0.0,7,44,75
2,40,11,2.8,9.991172361837208,0.0,7,44,75
2,40,12,2.8,11.992380067953448,0.0,7,44,75
2,40,13,2.8,11.73230952100695,0.0,7,44,75
2,40,14,2.8,10.746690321331805,0.0,7,44,75
2,40,15,2.8,9.493532605571533,0.0,7,44,75
2,40,16,3.0,10.393188926896288,0.0,7,44,75
2,40,17,2.8,10.759135800767957,0.0,7,44,75
2,40,18,2.8,13.454256686061296,0.0,7,44,75
2,40,19,3.0,11.898024236711931,0.0,7,44,75
2,40,20,2.8,10.617910750169784,0.0,7,44,75
2,40,21,2.8,8.633645366847347,0.0,7,44,75
2,40,22,2.0,17.22245244144352,0.0,4,44,75
3,40,1,2.8,9.043947479814925,0.0,7,44,75
3,40,2,2.8,10.498825828346414,0.0,7,44,75
3,40,3,2.8,9.851827776427713,0.0,7,44,75
3,40,4,2.8,9.315464547494363,0.0,7,44,75
3,40,5,2.8,9.750359645553582,0.0,7,44,75
3,40,6,2.8,10.266516178776005,0.0,7,44,75
3,40,7,2.8,10.07309796491218,0.0,7,44,75
3,40,8,2.8,10.313330815372254,0.0,7,44,75
3,40,9,2.8,12.979909559480657,0.0,7,44,75
3,40,10,2.8,13.22185973590502,0.0,7,44,75
3,40,11,2.8,12.506859391266346,0.0,7,44,75
3,40,12,3.0,13.002502029531877,0.0,7,44,75
3,40,13,2.8,10.733617254592286,0.0,7,44,75
3,40,14,2.8,10.41075946999986,0.0,7,44,75
3,40,15,2.8,13.641647833419823,0.0,7,44,75
3,40,16,3.0,10.36449759550701,0.0,7,44,75
3,40,17,2.8,15.086429848006569,0.0,7,44,75
3,40,18,3.0,10.237585875666426,0.0,7,44,75
3,40,19,2.8,10.735902823109814,0.0,7,44,75
3,40,20,2.8,10.443786994882252,0.0,7,44,75
3,40,21,2.8,8.946795668634781,0.0,7,44,75
3,40,22,2.8,10.490221918799195,0.0,7,44,75
1,41,1,4.2,9.74466185114503,0.0,7,44,75
1,41,2,3.2,10.019514314398235,0.0,7,44,75
1,41,3,2.8,13.774250456603164,0.0,7,44,75
1,41,4,3.0,7.6898713208004965,0.0,7,44,75
1,41,5,3.0,11.47199069175609,0.0,7,44,75
1,41,6,2.8,10.418139518624546,0.0,7,44,75
1,41,7,2.8,10.191691794369815,0.0,7,44,75
1,41,8,2.8,12.536944202048689,0.0,7,44,75
1,41,9,2.8,13.375561463889648,0.0,7,44,75
1,41,10,2.8,11.09628135155979,0.0,7,44,75
1,41,11,2.8,14.807901153917353,0.0,7,44,75
1,41,12,2.8,17.12257817019977,0.0,7,44,75
1,41,13,2.8,11.215295834862506,0.0,7,44,75
1,41,14,2.8,12.80166810910284,0.0,7,44,75
1,41,15,2.8,17.69080743528802,0.0,7,44,75
1,41,16,2.8,10.712839037078883,0.0,7,44,75
1,41,17,2.8,11.18112200823745,0.0,7,44,75
1,41,18,3.2,9.430526860197956,0.0,7,44,75
1,41,19,3.0,11.169825834895326,0.0,7,44,75
1,41,20,2.8,11.635169737789361,0.0,7,44,75
1,41,21,3.0,9.647371681537125,0.0,7,44,75
2,41,1,2.8,14.656462676564088,0.0,7,44,75
2,41,2,2.8,10.03235148422429,0.0,7,44,75
2,41,3,3.2,10.385241958145238,0.0,7,44,75
2,41,4,3.2,8.76419407182575,0.0,7,44,75
2,41,5,3.0,9.523682875556798,0.0,7,44,75
2,41,6,2.8,10.68704162354906,0.0,7,44,75
2,41,7,3.0,12.203681716703137,0.0,7,44,75
2,41,8,2.8,12.007802693122917,0.0,7,44,75
2,41,9,2.8,12.350366906073894,0.0,7,44,75
2,41,10,2.8,12.398472010959141,0.0,7,44,75
2,41,11,2.8,9.181264336616193,0.0,7,44,75
2,41,12,2.8,13.295894848661401,0.0,7,44,75
2,41,13,2.8,12.628632568236016,0.0,7,44,75
2,41,14,2.8,10.074046318767886,0.0,7,44,75
2,41,15,2.8,10.022470330151206,0.0,7,44,75
2,41,16,3.0,11.110643894319285,0.0,7,44,75
2,41,17,2.8,10.219794348155919,0.0,7,44,75
2,41,18,2.8,12.621325845388457,0.0,7,44,75
2,41,19,3.0,11.26264053530181,0.0,7,44,75
2,41,20,2.8,8.553788641073101,0.0,7,44,75
2,41,21,3.0,8.680848993544364,0.0,7,44,75
3,41,1,2.8,10.138333297399312,0.0,7,44,75
3,41,2,2.8,11.028922204923568,0.0,7,44,75
3,41,3,2.8,10.828616930447449,0.0,7,44,75
3,41,4,2.8,9.824214362735447,0.0,7,44,75
3,41,5,2.8,9.434508673431443,0.0,7,44,75
3,41,6,2.8,9.789948587705922,0.0,7,44,75
3,41,7,2.8,10.173632051050848,0.0,7,44,75
3,41,8,2.8,11.180580462257161,0.0,7,44,75
3,41,9,2.8,12.736637647025487,0.0,7,44,75
3,41,10,2.8,12.416593894094648,0.0,7,44,75
3,41,11,2.8,12.062848477641463,0.0,7,44,75
3,41,12,3.0,14.724143256737468,0.0,7,44,75
3,41,13,2.8,10.530332929504608,0.0,7,44,75
3,41,14,2.8,9.260106755703738,0.0,7,44,75
3,41,15,2.8,12.759416759175647,0.0,7,44,75
3,41,16,2.8,9.88959746686421,0.0,7,44,75
3,41,17,2.8,14.127970936355835,0.0,7,44,75
3,41,18,2.8,10.693041557578672,0.0,7,44,75
3,41,19,2.8,11.873911580299529,0.0,7,44,75
3,41,20,2.8,12.120487774638725,0.0,7,44,75
3,41,21,2.8,9.342551577153266,0.0,7,44,75
3,41,22,2.8,10.805054190117588,0.0,7,44,75
1,42,1,4.0,9.583926440118118,0.0,7,44,75
1,42,2,3.2,10.230679309949336,0.0,7,44,75
1,42,3,3.0,11.189825223638874,0.0,7,44,75
1,42,4,3.0,8.700189214144213,0.0,7,44,75
1,42,5,3.0,13.717909502404218,0.0,7,44,75
1,42,6,2.8,10.472455650698288,0.0,7,44,75
1,42,7,2.8,11.071789396653983,0.0,7,44,75
1,42,8,2.8,13.401250322050238,0.0,7,44,75
1,42,9,2.8,11.78050957760572,0.0,7,44,75
1,42,10,2.8,11.654242204404186,0.0,7,44,75
1,42,11,2.8,14.418169919340544,0.0,7,44,75
1,42,12,2.8,13.187943486031461,0.0,7,44,75
1,42,13,2.8,12.813037310717082,0.0,7,44,75
1,42,14,2.8,11.506155741573224,0.0,7,44,75
1,42,15,3.0,19.36391052067706,0.0,7,44,75
1,42,16,2.8,10.322458781967434,0.0,7,44,75
1,42,17,2.8,8.700167759729588,0.0,7,44,75
1,42,18,2.8,10.705426431658639,0.0,7,44,75
1,42,19,3.0,9.750892143197373,0.0,7,44,75
1,42,20,2.8,10.449700400365336,0.0,7,44,75
1,42,21,2.8,9.809751244939704,0.0,7,44,75
2,42,1,3.0,12.710322019151215,0.0,7,44,75
2,42,2,3.0,10.122801505431195,0.0,7,44,75
2,42,3,3.2,10.919542370805866,0.0,7,44,75
2,42,4,3.4,8.737531914844498,0.0,7,44,75
2,42,5,2.8,10.304543993629245,0.0,7,44,75
2,42,6,2.8,12.192543177736686,0.0,7,44,75
2,42,7,3.0,10.087669641844364,0.0,7,44,75
2,42,8,2.8,14.328719992250305,0.0,7,44,75
2,42,9,2.8,12.937710554967344,0.0,7,44,75
2,42,10,2.8,13.427641558396745,0.0,7,44,75
2,42,11,2.8,11.274683655038755,0.0,7,44,75
2,42,12,2.8,10.447617888349667,0.0,7,44,75
2,42,13,2.8,11.220829230870528,0.0,7,44,75
2,42,14,2.8,11.097536890539368,0.0,7,44,75
2,42,15,2.8,9.332309964475126,0.0,7,44,75
2,42,16,2.8,11.731995032380881,0.0,7,44,75
2,42,17,2.8,10.19962413854847,0.0,7,44,75
2,42,18,2.8,11.526216723682499,0.0,7,44,75
2,42,19,3.0,10.584115305465756,0.0,7,44,75
2,42,20,2.8,9.381409543186944,0.0,7,44,75
2,42,21,3.0,10.260157519655758,0.0,7,44,75
3,42,1,2.8,9.734909519061066,0.0,7,44,75
3,42,2,2.8,11.190354305369116,0.0,7,44,75
3,42,3,2.8,9.883668871375693,0.0,7,44,75
3,42,4,2.8,9.358224996278558,0.0,7,44,75
3,42,5,2.8,10.819794507126042,0.0,7,44,75
3,42,6,2.8,8.778265229371883,0.0,7,44,75
3,42,7,2.8,10.36325366569959,0.0,7,44,75
3,42,8,2.8,10.940581695065699,0.0,7,44,75
3,42,9,2.8,14.730571498126166,0.0,7,44,75
3,42,10,2.8,10.738020179853832,0.0,7,44,75
3,42,11,2.8,12.929904388283525,0.0,7,44,75
3,42,12,3.0,13.951630203108193,0.0,7,44,75
3,42,13,2.8,10.696074725246861,0.0,7,44,75
3,42,14,2.8,9.489999446337988,0.0,7,44,75
3,42,15,2.8,13.826685079207047,0.0,7,44,75
3,42,16,3.0,9.927109059303293,0.0,7,44,75
3,42,17,2.8,15.351498451960401,0.0,7,44,75
3,42,18,3.0,9.068737651519495,0.0,7,44,75
3,42,19,2.8,14.102555329881618,0.0,7,44,75
3,42,20,2.8,10.216984875577344,0.0,7,44,75
3,42,21,2.8,10.08245341635701,0.0,7,44,75
3,42,22,2.8,10.999609936075064,0.0,7,44,75
1,43,1,4.4,8.368533614446111,0.0,7,44,75
1,43,2,3.4,10.720675023836689,0.0,7,44,75
1,43,3,3.2,9.08804918962453,0.0,7,44,75
1,43,4,3.0,12.19047602818428,0.0,7,44,75
1,43,5,2.8,10.899306878845197,0.0,7,44,75
1,43,6,2.8,9.268526436399666,0.0,7,44,75
1,43,7,2.8,12.126394877217914,0.0,7,44,75
1,43,8,2.8,9.79593830673931,0.0,7,44,75
1,43,9,2.8,14.213563978613763,0.0,7,44,75
1,43,10,2.8,11.143921034099156,0.0,7,44,75
1,43,11,2.8,14.897575127329047,0.0,7,44,75
1,43,12,2.8,12.933539362248752,0.0,7,44,75
1,43,13,2.8,12.766375800692325,0.0,7,44,75
1,43,14,2.8,13.969421284986147,0.0,7,44,75
1,43,15,2.8,13.958622938697673,0.0,7,44,75
1,43,16,2.8,11.808785334382407,0.0,7,44,75
1,43,17,3.0,8.553726996328722,0.0,7,44,75
1,43,18,3.0,9.764227507381035,0.0,7,44,75
1,43,19,2.8,15.114552834503787,0.0,7,44,75
1,43,20,2.8,10.942448045301832,0.0,7,44,75
1,43,21,3.2,8.822406623023785,0.0,7,44,75
2,43,1,2.8,20.434831054776396,0.0,7,44,75
2,43,2,2.8,10.407940803432314,0.0,7,44,75
2,43,3,3.2,10.011259676783094,0.0,7,44,75
2,43,4,3.2,9.741320746312743,0.0,7,44,75
2,43,5,3.0,9.236046355894285,0.0,7,44,75
2,43,6,2.8,9.844180274123033,0.0,7,44,75
2,43,7,3.0,12.083132768868976,0.0,7,44,75
2,43,8,2.8,15.954578090018446,0.0,7,44,75
2,43,9,2.8,12.154025013623311,0.0,7,44,75
2,43,10,2.8,10.137842507688866,0.0,7,44,75
2,43,11,2.8,9.721206686477682,0.0,7,44,75
2,43,12,2.8,11.496456152771461,0.0,7,44,75
2,43,13,2.8,12.05608262080037,0.0,7,44,75
2,43,14,2.8,11.344705511891243,0.0,7,44,75
2,43,15,2.8,9.876804811377735,0.0,7,44,75
2,43,16,3.0,11.573171100121161,0.0,7,44,75
2,43,17,2.8,11.15147593499866,0.0,7,44,75
2,43,18,2.8,12.441603378313255,0.0,7,44,75
2,43,19,3.0,10.748044962363837,0.0,7,44,75
2,43,20,2.8,9.25256363545841,0.0,7,44,75
2,43,21,2.8,8.327990866962077,0.0,7,44,75
2,43,22,2.0,19.721473186654197,0.0,4,44,75
3,43,1,2.8,9.16593070470221,0.0,7,44,75
3,43,2,2.8,12.94271706091393,0.0,7,44,75
3,43,3,2.8,11.393435162469173,0.0,7,44,75
3,43,4,2.8,9.189496114976274,0.0,7,44,75
3,43,5,2.8,9.043887766883886,0.0,7,44,75
3,43,6,2.8,11.227701500190651,0.0,7,44,75
3,43,7,2.8,10.345723742793588,0.0,7,44,75
3,43,8,2.8,11.783734634754829,0.0,7,44,75
3,43,9,2.8,13.007514638187123,0.0,7,44,75
3,43,10,2.8,11.314075631773218,0.0,7,44,75
3,43,11,2.8,11.738716758940107,0.0,7,44,75
3,43,12,3.0,12.626692683536602,0.0,7,44,75
3,43,13,2.8,9.604314748919847,0.0,7,44,75
3,43,14,3.0,9.661791089529927,0.0,7,44,75
3,43,15,2.8,11.906889632139988,0.0,7,44,75
3,43,16,2.8,9.449520751023293,0.0,7,44,75
3,43,17,2.8,16.60159900576794,0.0,7,44,75
3,43,18,3.0,9.068737651519495,0.0,7,44,75
3,43,19,2.8,12.515371444756884,0.0,7,44,75
3,43,20,2.8,9.902679313460464,0.0,7,44,75
3,43,21,2.8,10.16624877448413,0.0,7,44,75
3,43,22,2.8,10.729459201353826,0.0,7,44,75
1,44,1,4.2,10.276437206383443,0.0,7,44,75
1,44,2,3.4,9.359845736151225,0.0,7,44,75
1,44,3,3.0,10.363343223997223,0.0,7,44,75
1,44,4,3.0,10.03973482776395,0.0,7,44,75
1,44,5,3.0,10.924889935581387,0.0,7,44,75
1,44,6,2.8,11.511093608643106,0.0,7,44,75
1,44,7,2.8,12.3666524721856,0.0,7,44,75
1,44,8,2.8,11.149215808008526,0.0,7,44,75
1,44,9,2.8,11.607628174424566,0.0,7,44,75
1,44,10,2.8,11.19688983009151,0.0,7,44,75
1,44,11,2.8,13.385462431507497,0.0,7,44,75
1,44,12,2.8,15.08677425387279,0.0,7,44,75
1,44,13,2.8,12.894625796828096,0.0,7,44,75
1,44,14,2.8,13.2654686531244,0.0,7,44,75
1,44,15,2.8,15.515906251585967,0.0,7,44,75
1,44,16,2.8,13.466800003902428,0.0,7,44,75
1,44,17,3.0,9.457188741812917,0.0,7,44,75
1,44,18,2.8,11.488015324794516,0.0,7,44,75
1,44,19,3.0,10.537347637863313,0.0,7,44,75
1,44,20,2.8,10.489292151623948,0.0,7,44,75
1,44,21,2.8,10.80080685326218,0.0,7,44,75
2,44,1,2.8,15.590472519774497,0.0,7,44,75
2,44,2,2.8,9.96695592344191,0.0,7,44,75
2,44,3,3.2,10.332607421623637,0.0,7,44,75
2,44,4,3.2,9.484514910717845,0.0,7,44,75
2,44,5,2.8,12.438357753445995,0.0,7,44,75
2,44,6,2.8,10.018053534843249,0.0,7,44,75
2,44,7,3.0,14.432100107502151,0.0,7,44,75
2,44,8,2.8,11.94373976900457,0.0,7,44,75
2,44,9,2.8,13.937999292500114,0.0,7,44,75
2,44,10,2.8,14.774191997188552,0.0,7,44,75
2,44,11,2.8,10.275650965791593,0.0,7,44,75
2,44,12,2.8,13.748938607163359,0.0,7,44,75
2,44,13,2.8,12.996671603449448,0.0,7,44,75
2,44,14,2.8,10.892929206123332,0.0,7,44,75
2,44,15,2.8,10.837682888416861,0.0,7,44,75
2,44,16,3.0,11.117664513650073,0.0,7,44,75
2,44,17,2.8,11.524539667295816,0.0,7,44,75
2,44,18,2.8,11.182319635109867,0.0,7,44,75
2,44,19,3.0,10.024105543595054,0.0,7,44,75
2,44,20,2.8,8.316874978356044,0.0,7,44,75
2,44,21,3.0,9.091892038794935,0.0,7,44,75
2,44,22,2.0,17.721472259335506,0.0,4,44,75
3,44,1,2.8,9.405556171793364,0.0,7,44,75
3,44,2,2.8,11.840258398767016,0.0,7,44,75
3,44,3,2.8,11.124043763106016,0.0,7,44,75
3,44,4,2.8,10.35655048279817,0.0,7,44,75
3,44,5,2.8,8.860461079854192,0.0,7,44,75
3,44,6,2.8,10.772847311529091,0.0,7,44,75
3,44,7,2.8,9.583787046631862,0.0,7,44,75
3,44,8,2.8,11.139852116343917,0.0,7,44,75
3,44,9,2.8,12.502316866870448,0.0,7,44,75
3,44,10,2.8,12.169535575388673,0.0,7,44,75
3,44,11,2.8,12.08668704489655,0.0,7,44,75
3,44,12,3.0,12.947451156936332,0.0,7,44,75
3,44,13,2.8,11.500576548473187,0.0,7,44,75
3,44,14,2.8,10.034970362491308,0.0,7,44,75
3,44,15,2.8,11.576072418792956,0.0,7,44,75
3,44,16,2.8,9.73223034770184,0.0,7,44,75
3,44,17,2.8,16.99352913568474,0.0,7,44,75
3,44,18,2.8,10.693041557578672,0.0,7,44,75
3,44,19,2.8,11.34529143618511,0.0,7,44,75
3,44,20,2.8,10.016412933595555,0.0,7,44,75
3,44,21,2.8,9.502215226802386,0.0,7,44,75
3,44,22,2.8,11.09917928130511,0.0,7,44,75
1,45,1,4.2,8.869726950274975,0.0,7,44,75
1,45,2,3.2,10.714288194612163,0.0,7,44,75
1,45,3,3.0,9.530110549974209,0.0,7,44,75
1,45,4,3.2,8.943794005642722,0.0,7,44,75
1,45,5,3.0,10.944732193546779,0.0,7,44,75
1,45,6,2.8,10.398713747168319,0.0,7,44,75
1,45,7,2.8,10.91117373311359,0.0,7,44,75
1,45,8,2.8,10.90705603863591,0.0,7,44,75
1,45,9,2.8,12.294408770658878,0.0,7,44,75
1,45,10,2.8,12.6018056936242,0.0,7,44,75
1,45,11,2.8,15.171574873358574,0.0,7,44,75
1,45,12,2.8,14.065552477254693,0.0,7,44,75
1,45,13,2.8,11.449173470161407,0.0,7,44,75
1,45,14,2.8,12.191915811027938,0.0,7,44,75
1,45,15,2.8,18.577210590772975,0.0,7,44,75
1,45,16,2.8,13.998623533358833,0.0,7,44,75
1,45,17,2.8,8.443955083132074,0.0,7,44,75
1,45,18,3.0,11.157464691969404,0.0,7,44,75
1,45,19,3.0,9.612832057494385,0.0,7,44,75
1,45,20,2.8,9.696046650119612,0.0,7,44,75
1,45,21,3.0,9.152421700984778,0.0,7,44,75
2,45,1,3.2,12.860385183232768,0.0,7,44,75
2,45,2,3.0,10.619244360486094,0.0,7,44,75
2,45,3,3.0,10.768418682985036,0.0,7,44,75
2,45,4,3.4,7.851422750045998,0.0,7,44,75
2,45,5,2.8,11.049175928268935,0.0,7,44,75
2,45,6,2.8,11.10753941280343,0.0,7,44,75
2,45,7,3.0,12.398456685438433,0.0,7,44,75
2,45,8,2.8,14.996243364683979,0.0,7,44,75
2,45,9,2.8,13.908619246695265,0.0,7,44,75
2,45,10,2.8,11.315940979896016,0.0,7,44,75
2,45,11,2.8,9.841459940276588,0.0,7,44,75
2,45,12,2.8,12.446106330015803,0.0,7,44,75
2,45,13,2.8,11.76021986712098,0.0,7,44,75
2,45,14,2.8,10.746549788395267,0.0,7,44,75
2,45,15,3.0,8.62293122074109,0.0,7,44,75
2,45,16,2.8,10.771421788116506,0.0,7,44,75
2,45,17,2.8,10.806724377242327,0.0,7,44,75
2,45,18,2.8,13.71744893664449,0.0,7,44,75
2,45,19,3.0,10.06390071095805,0.0,7,44,75
2,45,20,2.8,8.291678477527995,0.0,7,44,75
2,45,21,2.8,9.458946068983156,0.0,7,44,75
3,45,1,2.8,10.781732656826627,0.0,7,44,75
3,45,2,2.8,13.05320775425087,0.0,7,44,75
3,45,3,2.8,10.230863313290014,0.0,7,44,75
3,45,4,2.8,9.120974757744419,0.0,7,44,75
3,45,5,2.8,9.908318358819038,0.0,7,44,75
3,45,6,2.8,11.459098104045673,0.0,7,44,75
3,45,7,2.8,10.08971543767304,0.0,7,44,75
3,45,8,2.8,10.365768645808883,0.0,7,44,75
3,45,9,2.8,12.178680664007679,0.0,7,44,75
3,45,10,2.8,12.391437570637489,0.0,7,44,75
3,45,11,2.8,12.82148260348437,0.0,7,44,75
3,45,12,3.0,13.490044244050946,0.0,7,44,75
3,45,13,2.8,10.790427808423628,0.0,7,44,75
3,45,14,2.8,9.579179711317469,0.0,7,44,75
3,45,15,2.8,14.049008276582285,0.0,7,44,75
3,45,16,2.8,11.774450319374145,0.0,7,44,75
3,45,17,2.8,14.19354372120282,0.0,7,44,75
3,45,18,2.8,11.628221965030448,0.0,7,44,75
3,45,19,2.8,13.649340459844378,0.0,7,44,75
3,45,20,2.8,11.128110016067385,0.0,7,44,75
3,45,21,2.8,9.443528196238226,0.0,7,44,75
3,45,22,2.8,10.824176696850142,0.0,7,44,75
1,46,1,4.2,8.628423146148968,0.0,7,44,75
1,46,2,3.4,9.330859673490032,0.0,7,44,75
1,46,3,3.0,10.581719910339533,0.0,7,44,75
1,46,4,3.0,9.368564669197742,0.0,7,44,75
1,46,5,3.0,13.493512307474667,0.0,7,44,75
1,46,6,2.8,9.870685087252921,0.0,7,44,75
1,46,7,2.8,12.705621729693402,0.0,7,44,75
1,46,8,2.8,10.119462192465212,0.0,7,44,75
1,46,9,2.8,10.913874546748298,0.0,7,44,75
1,46,10,2.8,10.568499359103644,0.0,7,44,75
1,46,11,2.8,15.28703822311199,0.0,7,44,75
1,46,12,2.8,14.131522193776826,0.0,7,44,75
1,46,13,2.8,13.441095242707458,0.0,7,44,75
1,46,14,2.8,12.316510207994332,0.0,7,44,75
1,46,15,2.8,17.19867576156918,0.0,7,44,75
1,46,16,2.8,14.331549260421319,0.0,7,44,75
1,46,17,3.0,9.33992484902335,0.0,7,44,75
1,46,18,2.8,12.725244648942715,0.0,7,44,75
1,46,19,3.0,10.80178558561651,0.0,7,44,75
1,46,20,2.8,10.789794748604187,0.0,7,44,75
1,46,21,2.8,12.274872689731069,0.0,7,44,75
2,46,1,2.8,13.890850487219724,0.0,7,44,75
2,46,2,2.8,11.724792660149857,0.0,7,44,75
2,46,3,3.2,11.327736484914645,0.0,7,44,75
2,46,4,2.8,11.646337749679843,0.0,7,44,75
2,46,5,3.0,9.411068703226015,0.0,7,44,75
2,46,6,2.8,11.331453427182007,0.0,7,44,75
2,46,7,3.0,12.38443639006913,0.0,7,44,75
2,46,8,2.8,13.559776018167863,0.0,7,44,75
2,46,9,2.8,11.682444148530175,0.0,7,44,75
2,46,10,2.8,18.5730573926263,0.0,7,44,75
2,46,11,2.8,8.244480266999792,0.0,7,44,75
2,46,12,2.8,14.049518027378202,0.0,7,44,75
2,46,13,2.8,11.608096213388608,0.0,7,44,75
2,46,14,2.8,11.255546559002017,0.0,7,44,75
2,46,15,2.8,9.661000449506082,0.0,7,44,75
2,46,16,3.0,11.618058308010262,0.0,7,44,75
2,46,17,2.8,9.765037059034519,0.0,7,44,75
2,46,18,2.8,10.545365782443264,0.0,7,44,75
2,46,19,3.0,10.178071396819309,0.0,7,44,75
2,46,20,2.8,9.66828138968765,0.0,7,44,75
2,46,21,2.8,9.540134514481572,0.0,7,44,75
2,46,22,2.0,14.565674460092668,0.0,5,44,75
3,46,1,2.8,9.362363087593756,0.0,7,44,75
3,46,2,2.8,11.169917321800305,0.0,7,44,75
3,46,3,2.8,10.905852186197425,0.0,7,44,75
3,46,4,2.8,9.548148627671557,0.0,7,44,75
3,46,5,2.8,9.812934888382575,0.0,7,44,75
3,46,6,2.8,10.549859348606917,0.0,7,44,75
3,46,7,2.8,9.36369781025469,0.0,7,44,75
3,46,8,2.8,11.41001902048953,0.0,7,44,75
3,46,9,2.8,12.276462111538358,0.0,7,44,75
3,46,10,2.8,11.862687470283053,0.0,7,44,75
3,46,11,2.8,12.110620018135904,0.0,7,44,75
3,46,12,3.0,12.472200347748092,0.0,7,44,75
3,46,13,2.8,10.530332929504523,0.0,7,44,75
3,46,14,2.8,10.27089618030623,0.0,7,44,75
3,46,15,2.8,13.25724509614748,0.0,7,44,75
3,46,16,2.8,10.85496510555737,0.0,7,44,75
3,46,17,2.8,14.600129124061592,0.0,7,44,75
3,46,18,2.8,10.026888483828783,0.0,7,44,75
3,46,19,2.8,13.380588044462199,0.0,7,44,75
3,46,20,2.8,12.646799475295476,0.0,7,44,75
3,46,21,2.8,9.299933915091314,0.0,7,44,75
3,46,22,2.8,10.920813570367699,0.0,7,44,75
1,47,1,4.2,9.042757736279535,0.0,7,44,75
1,47,2,3.4,9.119056860948845,0.0,7,44,75
1,47,3,3.0,10.65657177949265,0.0,7,44,75
1,47,4,3.0,9.38315249993898,0.0,7,44,75
1,47,5,3.0,11.465327809127075,0.0,7,44,75
1,47,6,2.8,10.82849188167189,0.0,7,44,75
1,47,7,2.8,10.641419691452551,0.0,7,44,75
1,47,8,2.8,11.253318949738208,0.0,7,44,75
1,47,9,2.8,12.498404508668637,0.0,7,44,75
1,47,10,2.8,12.394448618014518,0.0,7,44,75
1,47,11,2.8,14.872031422987959,0.0,7,44,75
1,47,12,2.8,14.682425811806128,0.0,7,44,75
1,47,13,2.8,13.441095242707458,0.0,7,44,75
1,47,14,2.8,11.649805881764774,0.0,7,44,75
1,47,15,2.8,14.792247538358312,0.0,7,44,75
1,47,16,2.8,12.80844875546981,0.0,7,44,75
1,47,17,3.0,8.230140117513653,0.0,7,44,75
1,47,18,2.8,12.97177878726857,0.0,7,44,75
1,47,19,3.0,9.752853467124165,0.0,7,44,75
1,47,20,2.8,9.467543523145348,0.0,7,44,75
1,47,21,3.4,8.887226470404785,0.0,7,44,75
2,47,1,3.0,12.528074377657935,0.0,7,44,75
2,47,2,3.2,9.003142374859195,0.0,7,44,75
2,47,3,4.0,7.52789767557786,0.125,7,44,75
2,47,4,2.8,10.494279146297814,0.0,7,44,75
2,47,5,2.8,14.653374192483051,0.0,7,44,75
2,47,6,2.8,9.519970792239661,0.0,7,44,75
2,47,7,3.0,10.719367712497316,0.0,7,44,75
2,47,8,2.8,13.532653632213142,0.0,7,44,75
2,47,9,2.8,13.709712049101018,0.0,7,44,75
2,47,10,2.8,10.504943960065864,0.0,7,44,75
2,47,11,2.8,11.590076681410933,0.0,7,44,75
2,47,12,2.8,12.080320609500122,0.0,7,44,75
2,47,13,2.8,11.249884107388775,0.0,7,44,75
2,47,14,2.8,11.366061192735547,0.0,7,44,75
2,47,15,2.8,9.127278218749652,0.0,7,44,75
2,47,16,2.8,10.034176199525227,0.0,7,44,75
2,47,17,2.8,10.902961611169356,0.0,7,44,75
2,47,18,2.8,12.02023059855309,0.0,7,44,75
2,47,19,3.0,10.576178895681066,0.0,7,44,75
2,47,20,2.8,8.330309811870837,0.0,7,44,75
2,47,21,3.0,10.287508149336626,0.0,7,44,75
3,47,1,2.8,8.526983469835967,0.0,7,44,75
3,47,2,2.8,11.65968204683238,0.0,7,44,75
3,47,3,2.8,10.265205895201538,0.0,7,44,75
3,47,4,2.8,9.777100127318462,0.0,7,44,75
3,47,5,2.8,9.956708848253205,0.0,7,44,75
3,47,6,2.8,10.08038635808464,0.0,7,44,75
3,47,7,2.8,9.538945377315372,0.0,7,44,75
3,47,8,2.8,10.383366620959634,0.0,7,44,75
3,47,9,2.8,12.400919336927503,0.0,7,44,75
3,47,10,2.8,11.505631314515023,0.0,7,44,75
3,47,11,2.8,13.44139193377535,0.0,7,44,75
3,47,12,3.0,12.947451156936076,0.0,7,44,75
3,47,13,2.8,11.88034653848557,0.0,7,44,75
3,47,14,2.8,9.985818045229752,0.0,7,44,75
3,47,15,2.8,12.839775385482795,0.0,7,44,75
3,47,16,2.8,11.254455094003548,0.0,7,44,75
3,47,17,2.8,14.259728036183908,0.0,7,44,75
3,47,18,2.8,11.12078399593839,0.0,7,44,75
3,47,19,2.8,13.06614756921858,0.0,7,44,75
3,47,20,2.8,11.884960694759464,0.0,7,44,75
3,47,21,2.8,9.45813188763873,0.0,7,44,75
3,47,22,2.8,11.304323096603586,0.0,7,44,75
1,48,1,4.2,10.189553842428488,0.0,7,44,75
1,48,2,3.2,13.408182574824039,0.0,7,44,75
1,48,3,2.8,11.108192660544919,0.0,7,44,75
1,48,4,3.0,8.801851910508201,0.0,7,44,75
1,48,5,3.0,12.923575309677975,0.0,7,44,75
1,48,6,2.8,10.527341117484417,0.0,7,44,75
1,48,7,2.8,10.911406730116806,0.0,7,44,75
1,48,8,2.8,13.052910748451783,0.0,7,44,75
1,48,9,2.8,11.643930612458615,0.0,7,44,75
1,48,10,2.8,9.518778751325495,0.0,7,44,75
1,48,11,2.8,13.573761447809966,0.0,7,44,75
1,48,12,2.8,14.487921147833363,0.0,7,44,75
1,48,13,2.8,13.0630183205286,0.0,7,44,75
1,48,14,2.8,13.58063554785972,0.0,7,44,75
1,48,15,2.8,17.69080743528802,0.0,7,44,75
1,48,16,2.8,12.26035385037708,0.0,7,44,75
1,48,17,2.8,10.111690685042275,0.0,7,44,75
1,48,18,3.0,10.810508142372678,0.0,7,44,75
1,48,19,3.0,9.415703951630588,0.0,7,44,75
1,48,20,2.8,10.578104417448662,0.0,7,44,75
1,48,21,2.8,10.585171785175943,0.0,7,44,75
2,48,1,3.4,11.89869555074014,0.0,7,44,75
2,48,2,3.6,8.805508689487844,0.0,7,44,75
2,48,3,3.2,9.042287689046214,0.0,7,44,75
2,48,4,3.2,9.51362575932154,0.0,7,44,75
2,48,5,2.8,12.48672044756094,0.0,7,44,75
2,48,6,2.8,11.02971613737522,0.0,7,44,75
2,48,7,3.0,11.133405529574382,0.0,7,44,75
2,48,8,2.8,12.835973541284794,0.0,7,44,75
2,48,9,2.8,12.494141239343238,0.0,7,44,75
2,48,10,2.8,9.854631199324158,0.0,7,44,75
2,48,11,2.8,13.811635607190963,0.0,7,44,75
2,48,12,2.8,11.064700420362694,0.0,7,44,75
2,48,13,2.8,11.825188083688955,0.0,7,44,75
2,48,14,2.8,10.197536684727496,0.0,7,44,75
2,48,15,3.0,9.968505332169787,0.0,7,44,75
2,48,16,2.8,10.862470205423747,0.0,7,44,75
2,48,17,2.8,11.241535828865635,0.0,7,44,75
2,48,18,3.0,14.457132517181742,0.0,7,44,75
2,48,19,2.8,12.269223732278675,0.0,7,44,75
2,48,20,2.8,8.09948354547538,0.0,7,44,75
2,48,21,2.8,12.065663920990099,0.0,7,44,75
3,48,1,2.8,10.10483299706949,0.0,7,44,75
3,48,2,2.8,12.121859714802758,0.0,7,44,75
3,48,3,2.8,10.640231604121947,0.0,7,44,75
3,48,4,2.8,9.699572647379794,0.0,7,44,75
3,48,5,2.8,9.522644218993255,0.0,7,44,75
3,48,6,2.8,9.853034648832908,0.0,7,44,75
3,48,7,2.8,9.392457196246495,0.0,7,44,75
3,48,8,2.8,9.816727146929598,0.0,7,44,75
3,48,9,2.8,13.063078555643532,0.0,7,44,75
3,48,10,2.8,11.748749692618677,0.0,7,44,75
3,48,11,2.8,12.380277479576066,0.0,7,44,75
3,48,12,3.0,12.346315501519994,0.0,7,44,75
3,48,13,2.8,11.003980054310322,0.0,7,44,75
3,48,14,2.8,9.825398666780888,0.0,7,44,75
3,48,15,2.8,11.424706766408727,0.0,7,44,75
3,48,16,2.8,9.889597466864135,0.0,7,44,75
3,48,17,2.8,14.193543721202973,0.0,7,44,75
3,48,18,2.8,11.717331674535796,0.0,7,44,75
3,48,19,2.8,12.18134814486046,0.0,7,44,75
3,48,20,2.8,11.884960694759357,0.0,7,44,75
3,48,21,2.8,9.806942617439521,0.0,7,44,75
3,48,22,2.8,11.34626522726245,0.0,7,44,75
1,49,1,4.2,8.869726950274977,0.0,7,44,75
1,49,2,3.2,12.065831660130971,0.0,7,44,75
1,49,3,3.0,11.3417326002854,0.0,7,44,75
1,49,4,3.2,8.68596098315069,0.0,7,44,75
1,49,5,3.0,11.188586535267273,0.0,7,44,75
1,49,6,2.8,10.153418668440631,0.0,7,44,75
1,49,7,2.8,11.717396534860448,0.0,7,44,75
1,49,8,2.8,11.087673343884333,0.0,7,44,75
1,49,9,2.8,13.327680894834055,0.0,7,44,75
1,49,10,2.8,10.81507786121277,0.0,7,44,75
1,49,11,2.8,14.341130095956899,0.0,7,44,75
1,49,12,2.8,14.265335657692072,0.0,7,44,75
1,49,13,2.8,12.020115019967923,0.0,7,44,75
1,49,14,2.8,12.951840068723879,0.0,7,44,75
1,49,15,2.8,13.146432117914925,0.0,7,44,75
1,49,16,2.8,13.90174118226535,0.0,7,44,75
1,49,17,3.0,8.064918319752929,0.0,7,44,75
1,49,18,2.8,11.066087671222734,0.0,7,44,75
1,49,19,3.2,10.015290045934226,0.0,7,44,75
1,49,20,2.8,10.766493628741678,0.0,7,44,75
1,49,21,3.2,9.71882389221879,0.0,7,44,75
2,49,1,2.8,15.590472519774497,0.0,7,44,75
2,49,2,2.8,9.606878676201587,0.0,7,44,75
2,49,3,3.2,11.021540358780763,0.0,7,44,75
2,49,4,3.2,9.710388785056479,0.0,7,44,75
2,49,5,3.0,9.16683165221223,0.0,7,44,75
2,49,6,2.8,9.812592696199832,0.0,7,44,75
2,49,7,3.0,11.198199091048414,0.0,7,44,75
2,49,8,2.8,12.498571460604625,0.0,7,44,75
2,49,9,2.8,13.893395396549037,0.0,7,44,75
2,49,10,2.8,12.398472010959084,0.0,7,44,75
2,49,11,2.8,10.293856789553953,0.0,7,44,75
2,49,12,2.8,11.739182846100354,0.0,7,44,75
2,49,13,2.8,12.398233015678706,0.0,7,44,75
2,49,14,2.8,10.524772741539932,0.0,7,44,75
2,49,15,2.8,9.957203106869768,0.0,7,44,75
2,49,16,3.0,9.747212230352154,0.0,7,44,75
2,49,17,2.8,10.646760946269739,0.0,7,44,75
2,49,18,2.8,14.896062863670288,0.0,7,44,75
2,49,19,3.0,10.507987411668484,0.0,7,44,75
2,49,20,2.8,9.38027905923121,0.0,7,44,75
2,49,21,2.8,8.194101579684325,0.0,7,44,75
2,49,22,2.0,18.884206535672178,0.0,4,44,75
3,49,1,2.8,8.873373359822718,0.0,7,44,75
3,49,2,2.8,10.930371215394924,0.0,7,44,75
3,49,3,2.8,10.369631072311634,0.0,7,44,75
3,49,4,2.8,9.120974757744357,0.0,7,44,75
3,49,5,2.8,8.758948172600286,0.0,7,44,75
3,49,6,2.8,9.933044858991408,0.0,7,44,75
3,49,7,2.8,10.45180198166199,0.0,7,44,75
3,49,8,2.8,11.160179130563932,0.0,7,44,75
3,49,9,2.8,15.35945065462675,0.0,7,44,75
3,49,10,2.8,13.16493979785481,0.0,7,44,75
3,49,11,2.8,11.92176868454428,0.0,7,44,75
3,49,12,3.0,13.951630203107898,0.0,7,44,75
3,49,13,2.8,10.828636788590792,0.0,7,44,75
3,49,14,2.8,9.857068878588706,0.0,7,44,75
3,49,15,2.8,11.914328060034704,0.0,7,44,75
3,49,16,2.8,10.019203373411411,0.0,7,44,75
3,49,17,2.8,14.42792107017581,0.0,7,44,75
3,49,18,2.8,11.83065795268382,0.0,7,44,75
3,49,19,2.8,13.803364900368317,0.0,7,44,75
3,49,20,2.8,10.681128675571372,0.0,7,44,75
3,49,21,2.8,10.098404594180847,0.0,7,44,75
3,49,22,2.8,11.693349425221198,0.0,7,44,75
1,50,1,4.2,9.620207500903815,0.0,7,44,75
1,50,2,3.4,9.70660888632151,0.0,7,44,75
1,50,3,3.0,10.471393151475091,0.0,7,44,75
1,50,4,3.0,10.192567865542086,0.0,7,44,75
1,50,5,3.0,11.065316029033228,0.0,7,44,75
1,50,6,2.8,12.235653573642294,0.0,7,44,75
1,50,7,2.8,10.793908215745455,0.0,7,44,75
1,50,8,2.8,11.19062507521054,0.0,7,44,75
1,50,9,2.8,14.44592569894612,0.0,7,44,75
1,50,10,2.8,11.765273596995048,0.0,7,44,75
1,50,11,2.8,14.007764266444303,0.0,7,44,75
1,50,12,2.8,15.716333327603786,0.0,7,44,75
1,50,13,2.8,12.839676555004052,0.0,7,44,75
1,50,14,2.8,13.413104146812772,0.0,7,44,75
1,50,15,2.8,12.440769092124896,0.0,7,44,75
1,50,16,2.8,13.527260700691004,0.0,7,44,75
1,50,17,2.8,10.729153021989122,0.0,7,44,75
1,50,18,2.8,10.22497074956394,0.0,7,44,75
1,50,19,3.2,9.933803312747905,0.0,7,44,75
1,50,20,2.8,10.507582326800783,0.0,7,44,75
1,50,21,2.8,12.452429780183406,0.0,7,44,75
2,50,1,3.0,14.350578028527854,0.0,7,44,75
2,50,2,3.0,9.705163580955226,0.0,7,44,75
2,50,3,3.2,10.7280080835606,0.0,7,44,75
2,50,4,3.4,8.915853004959652,0.0,7,44,75
2,50,5,2.8,11.528182610377057,0.0,7,44,75
2,50,6,2.8,9.547075500761865,0.0,7,44,75
2,50,7,3.0,10.37867755050769,0.0,7,44,75
2,50,8,2.8,13.811022327552877,0.0,7,44,75
2,50,9,2.8,13.020337927236957,0.0,7,44,75
2,50,10,2.8,11.638953124922104,0.0,7,44,75
2,50,11,2.8,10.464479809715675,0.0,7,44,75
2,50,12,2.8,12.370585281795943,0.0,7,44,75
2,50,13,2.8,12.480130912731067,0.0,7,44,75
2,50,14,2.8,12.013021715619114,0.0,7,44,75
2,50,15,3.0,8.409517898604841,0.0,7,44,75
2,50,16,2.8,11.631806086697805,0.0,7,44,75
2,50,17,2.8,11.76278412416138,0.0,7,44,75
2,50,18,2.8,11.764844532831056,0.0,7,44,75
2,50,19,3.0,11.836228641158193,0.0,7,44,75
2,50,20,2.8,8.946645513931129,0.0,7,44,75
2,50,21,2.8,9.05292133204154,0.0,7,44,75
3,50,1,2.8,8.977571657236098,0.0,7,44,75
3,50,2,2.8,11.726749002327857,0.0,7,44,75
3,50,3,2.8,9.665007819788888,0.0,7,44,75
3,50,4,2.8,9.668904829093933,0.0,7,44,75
3,50,5,2.8,10.07147930565915,0.0,7,44,75
3,50,6,2.8,10.586380728161473,0.0,7,44,75
3,50,7,2.8,9.674747167704908,0.0,7,44,75
3,50,8,2.8,11.119599014253243,0.0,7,44,75
3,50,9,2.8,11.342977515652498,0.0,7,44,75
3,50,10,2.8,11.978856795354515,0.0,7,44,75
3,50,11,2.8,11.201251755508148,0.0,7,44,75
3,50,12,3.0,13.825479938975413,0.0,7,44,75
3,50,13,2.8,11.565820508936874,0.0,7,44,75
3,50,14,2.8,10.536302230054876,0.0,7,44,75
3,50,15,2.8,13.00356795971317,0.0,7,44,75
3,50,16,2.8,10.323614466645596,0.0,7,44,75
3,50,17,2.8,14.884379079928092,0.0,7,44,75
3,50,18,2.8,11.305796932076651,0.0,7,44,75
3,50,19,2.8,14.524526569337745,0.0,7,44,75
3,50,20,2.8,11.128110016067291,0.0,7,44,75
3,50,21,2.8,9.092547782158409,0.0,7,44,75
3,50,22,2.8,11.967925084884437,0.0,7,44,75
1,51,1,4.4,9.184874292050463,0.0,7,44,75
1,51,2,3.6,10.28403156916515,0.0,7,44,75
1,51,3,3.2,9.8456846988162,0.0,7,44,75
1,51,4,2.8,12.18657023069859,0.0,7,44,75
1,51,5,3.0,9.77288350818226,0.0,7,44,75
1,51,6,2.8,10.844767041992725,0.0,7,44,75
1,51,7,2.8,15.363266233097558,0.0,7,44,75
1,51,8,2.8,8.931766626601567,0.0,7,44,75
1,51,9,2.8,15.897315010941943,0.0,7,44,75
1,51,10,2.8,12.492690862558534,0.0,7,44,75
1,51,11,2.8,14.394782106231167,0.0,7,44,75
1,51,12,2.8,15.584757756397176,0.0,7,44,75
1,51,13,2.8,12.549000638408026,0.0,7,44,75
1,51,14,2.8,12.700997550119993,0.0,7,44,75
1,51,15,2.8,14.649994517083938,0.0,7,44,75
1,51,16,2.8,16.227061169337,0.0,7,44,75
1,51,17,2.8,8.785285337297315,0.0,7,44,75
1,51,18,3.0,9.005448249578704,0.0,7,44,75
1,51,19,3.0,12.130246789747815,0.0,7,44,75
1,51,20,2.8,11.045302539601954,0.0,7,44,75
1,51,21,3.0,9.385191011362382,0.0,7,44,75
2,51,1,2.8,13.582370211361695,0.0,7,44,75
2,51,2,2.8,10.425682383826615,0.0,7,44,75
2,51,3,3.2,11.162345593119351,0.0,7,44,75
2,51,4,3.2,9.368292850737925,0.0,7,44,75
2,51,5,3.0,10.105927984171183,0.0,7,44,75
2,51,6,2.8,10.485501102846504,0.0,7,44,75
2,51,7,3.0,11.757924739911816,0.0,7,44,75
2,51,8,2.8,13.343904818170076,0.0,7,44,75
2,51,9,2.8,10.688453281229881,0.0,7,44,75
2,51,10,2.8,10.10434544537514,0.0,7,44,75
2,51,11,2.8,10.007520411025943,0.0,7,44,75
2,51,12,2.8,12.636596581140655,0.0,7,44,75
2,51,13,2.8,12.200378446708806,0.0,7,44,75
2,51,14,2.8,9.69095291983123,0.0,7,44,75
2,51,15,2.8,9.876804811377772,0.0,7,44,75
2,51,16,3.0,10.202480329004521,0.0,7,44,75
2,51,17,2.8,10.759135800767913,0.0,7,44,75
2,51,18,2.8,11.703564565345786,0.0,7,44,75
2,51,19,3.0,12.15819570269527,0.0,7,44,75
2,51,20,2.8,9.323084021851551,0.0,7,44,75
2,51,21,2.8,8.501633710401453,0.0,7,44,75
2,51,22,2.0,20.29405729268137,0.0,4,44,75
3,51,1,2.8,9.704018195443044,0.0,7,44,75
3,51,2,2.8,10.989289320899834,0.0,7,44,75
3,51,3,2.8,10.56670009925235,0.0,7,44,75
3,51,4,2.8,8.668517926327178,0.0,7,44,75
3,51,5,2.8,9.750359645553509,0.0,7,44,75
3,51,6,2.8,10.946374007044128,0.0,7,44,75
3,51,7,2.8,9.465134535661607,0.0,7,44,75
3,51,8,2.8,10.025925147919923,0.0,7,44,75
3,51,9,2.8,11.8483794033921,0.0,7,44,75
3,51,10,2.8,11.335044031594473,0.0,7,44,75
3,51,11,2.8,12.957296954835149,0.0,7,44,75
3,51,12,3.0,13.640474731849089,0.0,7,44,75
3,51,13,2.8,10.905872328628039,0.0,7,44,75
3,51,14,2.8,9.594206299128343,0.0,7,44,75
3,51,15,2.8,13.373195285804622,0.0,7,44,75
3,51,16,2.8,10.288880618493167,0.0,7,44,75
3,51,17,2.8,13.240976672772494,0.0,7,44,75
3,51,18,2.8,10.509303887483792,0.0,7,44,75
3,51,19,2.8,14.187601014648402,0.0,7,44,75
3,51,20,2.8,11.954652055585294,0.0,7,44,75
3,51,21,2.8,9.012160240538385,0.0,7,44,75
3,51,22,3.0,9.610585066502605,0.0,7,44,75
1,52,1,4.2,8.62842314614897,0.0,7,44,75
1,52,2,3.4,10.147954365513174,0.0,7,44,75
1,52,3,3.0,11.381131769674536,0.0,7,44,75
1,52,4,3.0,9.842947317611415,0.0,7,44,75
1,52,5,3.0,11.147192325424623,0.0,7,44,75
1,52,6,2.8,11.026635400756845,0.0,7,44,75
1,52,7,2.8,10.930966153302201,0.0,7,44,75
1,52,8,2.8,9.74314562071266,0.0,7,44,75
1,52,9,2.8,13.567741566837883,0.0,7,44,75
1,52,10,2.8,10.404275385743851,0.0,7,44,75
1,52,11,2.8,14.584087170139252,0.0,7,44,75
1,52,12,2.8,12.648441297723595,0.0,7,44,75
1,52,13,2.8,11.256688782759374,0.0,7,44,75
1,52,14,2.8,11.364198303610394,0.0,7,44,75
1,52,15,2.8,14.33480332432647,0.0,7,44,75
1,52,16,2.8,13.966179723869995,0.0,7,44,75
1,52,17,2.8,9.966143573008612,0.0,7,44,75
1,52,18,3.0,10.875552557186245,0.0,7,44,75
1,52,19,3.0,10.320779806065222,0.0,7,44,75
1,52,20,3.0,9.984943097608342,0.0,7,44,75
1,52,21,3.2,9.51923876869652,0.0,7,44,75
2,52,1,2.8,15.751075082538877,0.0,7,44,75
2,52,2,3.2,9.265625763604197,0.0,7,44,75
2,52,3,3.6,9.034223894799538,0.0,7,44,75
2,52,4,3.4,8.282817079495887,0.0,7,44,75
2,52,5,2.8,11.844080285805049,0.0,7,44,75
2,52,6,2.8,9.21863915827147,0.0,7,44,75
2,52,7,3.0,10.269404073694949,0.0,7,44,75
2,52,8,2.8,13.0699531216315,0.0,7,44,75
2,52,9,2.8,13.468193403575032,0.0,7,44,75
2,52,10,2.8,10.292799593882918,0.0,7,44,75
2,52,11,2.8,11.678600492508547,0.0,7,44,75
2,52,12,2.8,12.34861550754622,0.0,7,44,75
2,52,13,2.8,10.947826205111678,0.0,7,44,75
2,52,14,2.8,11.515866657881237,0.0,7,44,75
2,52,15,3.0,9.621667760197202,0.0,7,44,75
2,52,16,2.8,11.137207391621304,0.0,7,44,75
2,52,17,2.8,10.40264280364917,0.0,7,44,75
2,52,18,2.8,11.625278029103518,0.0,7,44,75
2,52,19,3.0,9.35557938836044,0.0,7,44,75
2,52,20,2.8,8.117176861459338,0.0,7,44,75
2,52,21,2.8,10.256337551038678,0.0,7,44,75
3,52,1,2.8,9.797285974986039,0.0,7,44,75
3,52,2,2.8,11.009070093223128,0.0,7,44,75
3,52,3,2.8,10.334587413436921,0.0,7,44,75
3,52,4,2.8,9.430371499812093,0.0,7,44,75
3,52,5,2.8,9.070713376726745,0.0,7,44,75
3,52,6,2.8,10.697477939756268,0.0,7,44,75
3,52,7,2.8,10.996778313019082,0.0,7,44,75
3,52,8,2.8,11.01942820316487,0.0,7,44,75
3,52,9,2.8,12.95242140189003,0.0,7,44,75
3,52,10,2.8,11.748749692618677,0.0,7,44,75
3,52,11,2.8,11.263134574083594,0.0,7,44,75
3,52,12,3.0,11.913433219216984,0.0,7,44,75
3,52,13,2.8,11.043719165046523,0.0,7,44,75
3,52,14,2.8,9.985818045229903,0.0,7,44,75
3,52,15,2.8,13.344018005620764,0.0,7,44,75
3,52,16,2.8,10.740590179076131,0.0,7,44,75
3,52,17,2.8,16.313624050757568,0.0,7,44,75
3,52,18,2.8,12.23292181545379,0.0,7,44,75
3,52,19,2.8,11.850904140422477,0.0,7,44,75
3,52,20,2.8,11.067698050322718,0.0,7,44,75
3,52,21,2.8,8.268917934952643,0.0,7,44,75
3,52,22,3.0,8.478197063195923,0.0,7,44,75
1,53,1,4.2,9.069978859926396,0.0,7,44,75
1,53,2,3.4,10.538385226345824,0.0,7,44,75
1,53,3,3.0,10.809497983460377,0.0,7,44,75
1,53,4,3.0,10.403733359565413,0.0,7,44,75
1,53,5,3.0,10.826748141994877,0.0,7,44,75
1,53,6,2.8,12.41206970747611,0.0,7,44,75
1,53,7,2.8,11.299922865439793,0.0,7,44,75
1,53,8,2.8,12.137285178298931,0.0,7,44,75
1,53,9,2.8,12.194887861905732,0.0,7,44,75
1,53,10,2.8,12.628214185485872,0.0,7,44,75
1,53,11,2.8,14.23946609016689,0.0,7,44,75
1,53,12,2.8,14.000195827255189,0.0,7,44,75
1,53,13,2.8,12.59809140783565,0.0,7,44,75
1,53,14,2.8,13.121047768605536,0.0,7,44,75
1,53,15,2.8,14.648416138211234,0.0,7,44,75
1,53,16,2.8,15.552127949895517,0.0,7,44,75
1,53,17,3.0,8.04338862346614,0.0,7,44,75
1,53,18,2.8,11.6433940390578,0.0,7,44,75
1,53,19,3.0,10.028782706661017,0.0,7,44,75
1,53,20,2.8,9.790566418036272,0.0,7,44,75
1,53,21,2.8,11.119694669705922,0.0,7,44,75
2,53,1,2.8,13.37446139532958,0.0,7,44,75
2,53,2,2.8,9.88640069190151,0.0,7,44,75
2,53,3,3.2,11.142010693386514,0.0,7,44,75
2,53,4,3.2,10.128486224972898,0.0,7,44,75
2,53,5,3.0,9.72045236291756,0.0,7,44,75
2,53,6,2.8,11.362061487502034,0.0,7,44,75
2,53,7,3.0,11.280816526848191,0.0,7,44,75
2,53,8,2.8,13.580947189389377,0.0,7,44,75
2,53,9,2.8,13.6759319007532,0.0,7,44,75
2,53,10,2.8,11.236750381335161,0.0,7,44,75
2,53,11,2.8,9.153781848735496,0.0,7,44,75
2,53,12,2.8,11.079919162405014,0.0,7,44,75
2,53,13,2.8,13.088045312886623,0.0,7,44,75
2,53,14,2.8,10.597719862088562,0.0,7,44,75
2,53,15,2.8,9.449529605110333,0.0,7,44,75
2,53,16,3.0,10.873606381218051,0.0,7,44,75
2,53,17,2.8,11.254073034964225,0.0,7,44,75
2,53,18,2.8,11.505418216373737,0.0,7,44,75
2,53,19,3.0,10.295721346306307,0.0,7,44,75
2,53,20,2.8,10.490427450706207,0.0,7,44,75
2,53,21,2.8,8.707394458435417,0.0,7,44,75
2,53,22,2.0,16.808309667729333,0.0,4,44,75
3,53,1,2.8,9.956781223484706,0.0,7,44,75
3,53,2,2.8,12.145932320954662,0.0,7,44,75
3,53,3,2.8,11.565797854988647,0.0,7,44,75
3,53,4,2.8,8.583360360718782,0.0,7,44,75
3,53,5,2.8,9.4637053550577,0.0,7,44,75
3,53,6,2.8,9.916939031612683,0.0,7,44,75
3,53,7,2.8,9.925967897700883,0.0,7,44,75
3,53,8,2.8,10.74831511392814,0.0,7,44,75
3,53,9,2.8,12.952421401889902,0.0,7,44,75
3,53,10,2.8,10.626083686379497,0.0,7,44,75
3,53,11,2.8,11.69382874930629,0.0,7,44,75
3,53,12,3.0,13.114020234684423,0.0,7,44,75
3,53,13,2.8,11.880346538485357,0.0,7,44,75
3,53,14,2.8,9.094866234761877,0.0,7,44,75
3,53,15,2.8,14.212238722248594,0.0,7,44,75
3,53,16,2.8,10.591787621144631,0.0,7,44,75
3,53,17,2.8,14.920690450584607,0.0,7,44,75
3,53,18,2.8,9.708561065472882,0.0,7,44,75
3,53,19,2.8,12.608243942706647,0.0,7,44,75
3,53,20,2.8,10.87097787000356,0.0,7,44,75
3,53,21,2.8,9.092547782158348,0.0,7,44,75
3,53,22,2.8,12.231196365364772,0.0,7,44,75
1,54,1,4.4,9.241216157058616,0.0,7,44,75
1,54,2,3.4,10.058567000645706,0.0,7,44,75
1,54,3,2.8,11.991875055802462,0.0,7,44,75
1,54,4,3.0,8.413680255465454,0.0,7,44,75
1,54,5,3.0,10.50586446102698,0.0,7,44,75
1,54,6,2.8,10.867548843171962,0.0,7,44,75
1,54,7,2.8,12.166900542584584,0.0,7,44,75
1,54,8,2.8,12.412286586528145,0.0,7,44,75
1,54,9,2.8,11.409824728839325,0.0,7,44,75
1,54,10,2.8,11.430517822627019,0.0,7,44,75
1,54,11,2.8,14.835418115149274,0.0,7,44,75
1,54,12,2.8,14.505709886650935,0.0,7,44,75
1,54,13,2.8,11.427461821805052,0.0,7,44,75
1,54,14,2.8,14.760117326364243,0.0,7,44,75
1,54,15,2.8,17.70395827460092,0.0,7,44,75
1,54,16,2.8,10.581764223603892,0.0,7,44,75
1,54,17,3.0,8.141188488109389,0.0,7,44,75
1,54,18,2.8,11.803033464341063,0.0,7,44,75
1,54,19,3.0,11.182643073549661,0.0,7,44,75
1,54,20,2.8,9.10973399868687,0.0,7,44,75
1,54,21,2.8,11.392996835511667,0.0,7,44,75
2,54,1,2.8,12.76056931152889,0.0,7,44,75
2,54,2,2.8,9.69827974274388,0.0,7,44,75
2,54,3,3.0,12.296953446431578,0.0,7,44,75
2,54,4,2.8,12.439427194183503,0.0,7,44,75
2,54,5,3.2,8.763313708234092,0.0,7,44,75
2,54,6,2.8,11.20687455945249,0.0,7,44,75
2,54,7,3.0,12.56249924634582,0.0,7,44,75
2,54,8,2.8,11.991249176128347,0.0,7,44,75
2,54,9,2.8,11.049286023894968,0.0,7,44,75
2,54,10,2.8,14.51724079218046,0.0,7,44,75
2,54,11,2.8,7.996557071994467,0.0,7,44,75
2,54,12,2.8,14.081865818316771,0.0,7,44,75
2,54,13,2.8,10.263946977057305,0.0,7,44,75
2,54,14,2.8,12.497503743420516,0.0,7,44,75
2,54,15,2.8,9.365138375938884,0.0,7,44,75
2,54,16,3.0,10.816718553821362,0.0,7,44,75
2,54,17,2.8,11.298350182180979,0.0,7,44,75
2,54,18,2.8,11.562059203933657,0.0,7,44,75
2,54,19,3.0,11.06165984597096,0.0,7,44,75
2,54,20,2.8,8.986413969602351,0.0,7,44,75
2,54,21,2.8,9.615124351176926,0.0,7,44,75
2,54,22,2.0,13.716364964700112,0.0,5,44,75
3,54,1,2.8,8.69673061323939,0.0,7,44,75
3,54,2,2.8,10.83356586881106,0.0,7,44,75
3,54,3,2.8,10.530314150382166,0.0,7,44,75
3,54,4,2.8,10.795265705873124,0.0,7,44,75
3,54,5,2.8,10.379124029709986,0.0,7,44,75
3,54,6,2.8,9.53060657638009,0.0,7,44,75
3,54,7,2.8,10.08971543767304,0.0,7,44,75
3,54,8,2.8,11.388772574732414,0.0,7,44,75
3,54,9,2.8,11.825470706339463,0.0,7,44,75
3,54,10,2.8,11.419700651148728,0.0,7,44,75
3,54,11,2.8,13.621000691938981,0.0,7,44,75
3,54,12,3.6,9.699604438678392,0.125,7,44,75
3,54,13,2.8,11.21771784485912,0.0,7,44,75
3,54,14,2.8,9.517728953939947,0.0,7,44,75
3,54,15,2.8,12.194572116384066,0.0,7,44,75
3,54,16,2.8,10.513957614882019,0.0,7,44,75
3,54,17,2.8,14.863730170648473,0.0,7,44,75
3,54,18,2.8,12.258648068053613,0.0,7,44,75
3,54,19,2.8,11.43122735810197,0.0,7,44,75
3,54,20,2.8,11.056107488087418,0.0,7,44,75
3,54,21,2.8,8.635816726454506,0.0,7,44,75
3,54,22,2.8,12.07138283043957,0.0,7,44,75
1,55,1,4.2,8.753764732627939,0.0,7,44,75
1,55,2,3.2,12.782468108870036,0.0,7,44,75
1,55,3,2.8,14.196091667265048,0.0,7,44,75
1,55,4,3.0,8.293096601831971,0.0,7,44,75
1,55,5,3.0,12.89591838824927,0.0,7,44,75
1,55,6,2.8,11.233851862034918,0.0,7,44,75
1,55,7,2.8,9.281254883124053,0.0,7,44,75
1,55,8,2.8,11.207844591006705,0.0,7,44,75
1,55,9,2.8,12.01540324534458,0.0,7,44,75
1,55,10,2.8,12.500386450062896,0.0,7,44,75
1,55,11,2.8,14.91787530444187,0.0,7,44,75
1,55,12,2.8,15.29702567657779,0.0,7,44,75
1,55,13,2.8,12.758779769440876,0.0,7,44,75
1,55,14,2.8,11.707342768738586,0.0,7,44,75
1,55,15,2.8,13.99350111406828,0.0,7,44,75
1,55,16,2.8,12.015882727285783,0.0,7,44,75
1,55,17,2.8,9.372516597015437,0.0,7,44,75
1,55,18,3.0,10.346476624418004,0.0,7,44,75
1,55,19,3.0,9.489843636869391,0.0,7,44,75
1,55,20,3.0,10.145213400283799,0.0,7,44,75
1,55,21,3.0,10.049594244222224,0.0,7,44,75
2,55,1,2.8,16.697086965554295,0.0,7,44,75
2,55,2,3.0,9.857508111621101,0.0,7,44,75
2,55,3,3.8,9.357176397370843,0.125,7,44,75
2,55,4,2.8,10.799307464028088,0.0,7,44,75
2,55,5,2.8,12.978474371743584,0.0,7,44,75
2,55,6,2.8,11.723689123275319,0.0,7,44,75
2,55,7,3.0,14.217758435004207,0.0,7,44,75
2,55,8,2.8,13.603282814827931,0.0,7,44,75
2,55,9,2.8,12.867032384356172,0.0,7,44,75
2,55,10,2.8,11.923085609675645,0.0,7,44,75
2,55,11,2.8,10.526239063686333,0.0,7,44,75
2,55,12,2.8,12.430093990465522,0.0,7,44,75
2,55,13,2.8,11.335003246611986,0.0,7,44,75
2,55,14,2.8,9.999417697861029,0.0,7,44,75
2,55,15,3.0,8.807841183797263,0.0,7,44,75
2,55,16,2.8,11.868593356456056,0.0,7,44,75
2,55,17,2.8,11.792568447399695,0.0,7,44,75
2,55,18,2.8,10.408172183648526,0.0,7,44,75
2,55,19,2.8,13.543481041000815,0.0,7,44,75
2,55,20,2.8,8.838082448313422,0.0,7,44,75
2,55,21,2.8,7.847164253957417,0.0,7,44,75
2,55,22,2.0,16.924589714741835,0.0,4,44,75
3,55,1,2.8,9.493149097737613,0.0,7,44,75
3,55,2,2.8,10.682194101915364,0.0,7,44,75
3,55,3,2.8,11.288293225939563,0.0,7,44,75
3,55,4,2.8,9.217193796224501,0.0,7,44,75
3,55,5,2.8,10.222987670520665,0.0,7,44,75
3,55,6,2.8,10.697477939756183,0.0,7,44,75
3,55,7,2.8,9.690075318951905,0.0,7,44,75
3,55,8,2.8,10.0095169616452,0.0,7,44,75
3,55,9,2.8,12.130371741729737,0.0,7,44,75
3,55,10,2.8,12.049656967105577,0.0,7,44,75
3,55,11,2.8,11.649282728978642,0.0,7,44,75
3,55,12,3.6,10.374153512808334,0.125,7,44,75
3,55,13,2.8,11.802175915340051,0.0,7,44,75
3,55,14,2.8,9.652923037380674,0.0,7,44,75
3,55,15,2.8,12.622411563459167,0.0,7,44,75
3,55,16,2.8,10.623532091882012,0.0,7,44,75
3,55,17,2.8,14.580260830362977,0.0,7,44,75
3,55,18,2.8,10.981989946267296,0.0,7,44,75
3,55,19,2.8,10.562589153401486,0.0,7,44,75
3,55,20,2.8,11.492376527324243,0.0,7,44,75
3,55,21,2.8,8.387126395865982,0.0,7,44,75
3,55,22,2.8,10.199269850913465,0.0,7,44,75
1,56,1,4.2,9.682034753747324,0.0,7,44,75
1,56,2,3.2,12.362879939766662,0.0,7,44,75
1,56,3,3.0,10.735562718729566,0.0,7,44,75
1,56,4,3.2,9.051264666907315,0.0,7,44,75
1,56,5,3.0,12.062017681992035,0.0,7,44,75
1,56,6,2.8,10.018376773337648,0.0,7,44,75
1,56,7,2.8,10.85222420065285,0.0,7,44,75
1,56,8,2.8,10.153563796838919,0.0,7,44,75
1,56,9,2.8,13.239833829681906,0.0,7,44,75
1,56,10,2.8,11.69676298337529,0.0,7,44,75
1,56,11,2.8,13.65851627583859,0.0,7,44,75
1,56,12,2.8,14.863500524226874,0.0,7,44,75
1,56,13,2.8,11.648355495133307,0.0,7,44,75
1,56,14,2.8,15.560507490997171,0.0,7,44,75
1,56,15,2.8,14.368984476380243,0.0,7,44,75
1,56,16,2.8,14.752577447460185,0.0,7,44,75
1,56,17,3.0,7.979483749969303,0.0,7,44,75
1,56,18,2.8,11.598572885601017,0.0,7,44,75
1,56,19,3.0,10.233148221762352,0.0,7,44,75
1,56,20,2.8,9.123526318121344,0.0,7,44,75
1,56,21,2.8,10.64812472734133,0.0,7,44,75
2,56,1,2.8,17.069894370336858,0.0,7,44,75
2,56,2,2.8,10.461347621237087,0.0,7,44,75
2,56,3,3.2,11.476526796278808,0.0,7,44,75
2,56,4,3.2,8.930557128454637,0.0,7,44,75
2,56,5,3.0,11.19755538949887,0.0,7,44,75
2,56,6,2.8,9.988878023965816,0.0,7,44,75
2,56,7,3.0,11.23935598644826,0.0,7,44,75
2,56,8,2.8,13.733423323338105,0.0,7,44,75
2,56,9,2.8,12.501837369905722,0.0,7,44,75
2,56,10,2.8,11.447059287943047,0.0,7,44,75
2,56,11,2.8,9.465446348890406,0.0,7,44,75
2,56,12,2.8,13.931914703555352,0.0,7,44,75
2,56,13,2.8,13.258275302644599,0.0,7,44,75
2,56,14,2.8,9.926888748849757,0.0,7,44,75
2,56,15,2.8,10.275034850509476,0.0,7,44,75
2,56,16,3.0,10.464317273256388,0.0,7,44,75
2,56,17,2.8,10.721414862563513,0.0,7,44,75
2,56,18,2.8,11.726002927519918,0.0,7,44,75
2,56,19,3.0,11.139561924528472,0.0,7,44,75
2,56,20,2.8,9.452767328594687,0.0,7,44,75
2,56,21,2.8,8.216116693651157,0.0,7,44,75
2,56,22,2.0,18.318600502698,0.0,4,44,75
3,56,1,2.8,9.24909754070534,0.0,7,44,75
3,56,2,2.8,11.231453451051149,0.0,7,44,75
3,56,3,2.8,11.309166081323005,0.0,7,44,75
3,56,4,2.8,8.895456648011926,0.0,7,44,75
3,56,5,2.8,9.673253990582324,0.0,7,44,75
3,56,6,2.8,10.014365131100263,0.0,7,44,75
3,56,7,2.8,10.040026691278893,0.0,7,44,75
3,56,8,2.8,11.160179130563932,0.0,7,44,75
3,56,9,2.8,12.843623250919837,0.0,7,44,75
3,56,10,2.8,11.681431573176331,0.0,7,44,75
3,56,11,2.8,12.231720798462273,0.0,7,44,75
3,56,12,3.0,12.174286398405648,0.0,7,44,75
3,56,13,2.8,11.996863684190451,0.0,7,44,75
3,56,14,3.0,9.210728986366522,0.0,7,44,75
3,56,15,2.8,11.106845777383018,0.0,7,44,75
3,56,16,2.8,9.704409592216509,0.0,7,44,75
3,56,17,2.8,14.866407516989604,0.0,7,44,75
3,56,18,3.0,9.717101979788742,0.0,7,44,75
3,56,19,2.8,13.190142163944438,0.0,7,44,75
3,56,20,2.8,9.807403859870584,0.0,7,44,75
3,56,21,2.8,9.174957773308485,0.0,7,44,75
3,56,22,2.8,10.940581409687333,0.0,7,44,75
1,57,1,4.2,8.530704998047147,0.0,7,44,75
1,57,2,3.2,11.805807017182605,0.0,7,44,75
1,57,3,3.0,10.242866778466857,0.0,7,44,75
1,57,4,3.2,8.89101007064764,0.0,7,44,75
1,57,5,3.0,12.942859656464295,0.0,7,44,75
1,57,6,2.8,9.306643678093966,0.0,7,44,75
1,57,7,2.8,12.759427143452694,0.0,7,44,75
1,57,8,2.8,9.572889086803368,0.0,7,44,75
1,57,9,2.8,10.606519246858605,0.0,7,44,75
1,57,10,2.8,11.387317577067513,0.0,7,44,75
1,57,11,2.8,17.207783844899485,0.0,7,44,75
1,57,12,2.8,13.71345315447512,0.0,7,44,75
1,57,13,2.8,12.215037668114833,0.0,7,44,75
1,57,14,2.8,13.121047768605502,0.0,7,44,75
1,57,15,2.8,15.55595997050038,0.0,7,44,75
1,57,16,2.8,11.128955811027097,0.0,7,44,75
1,57,17,3.0,8.533151480036079,0.0,7,44,75
1,57,18,2.8,11.444380206129129,0.0,7,44,75
1,57,19,3.0,10.062274875827441,0.0,7,44,75
1,57,20,2.8,8.907742318261825,0.0,7,44,75
1,57,21,3.2,7.8410153027217255,0.0,7,44,75
2,57,1,2.8,14.621424471376335,0.0,7,44,75
2,57,2,2.8,10.390259502822875,0.0,7,44,75
2,57,3,3.2,11.265143721009977,0.0,7,44,75
2,57,4,3.2,9.851151990410784,0.0,7,44,75
2,57,5,3.0,9.553434965123143,0.0,7,44,75
2,57,6,2.8,11.340993103687914,0.0,7,44,75
2,57,7,3.0,11.385818582099011,0.0,7,44,75
2,57,8,2.8,13.257133375965292,0.0,7,44,75
2,57,9,2.8,12.736140008341001,0.0,7,44,75
2,57,10,2.8,11.094073758087132,0.0,7,44,75
2,57,11,2.8,10.560466198331762,0.0,7,44,75
2,57,12,2.8,11.945534988031778,0.0,7,44,75
2,57,13,2.8,13.032269253259303,0.0,7,44,75
2,57,14,2.8,10.919368624042747,0.0,7,44,75
2,57,15,2.8,9.449529605110367,0.0,7,44,75
2,57,16,3.0,11.070422564772485,0.0,7,44,75
2,57,17,2.8,11.171845430360113,0.0,7,44,75
2,57,18,2.8,12.517996708101,0.0,7,44,75
2,57,19,3.0,10.901302145311863,0.0,7,44,75
2,57,20,2.8,9.020574211869977,0.0,7,44,75
2,57,21,2.8,8.454624850037193,0.0,7,44,75
2,57,22,2.0,19.962861598270514,0.0,4,44,75
3,57,1,2.8,10.291875080639366,0.0,7,44,75
3,57,2,2.8,10.776301376921758,0.0,7,44,75
3,57,3,2.8,9.354574352468514,0.0,7,44,75
3,57,4,2.8,9.245058947113755,0.0,7,44,75
3,57,5,2.8,9.719370345896685,0.0,7,44,75
3,57,6,2.8,9.666169351699862,0.0,7,44,75
3,57,7,2.8,10.190583157992101,0.0,7,44,75
3,57,8,2.8,10.330751043754754,0.0,7,44,75
3,57,9,2.8,13.119119211930972,0.0,7,44,75
3,57,10,2.8,11.462504936550847,0.0,7,44,75
3,57,11,2.8,11.991893658730529,0.0,7,44,75
3,57,12,3.0,11.339165534780843,0.0,7,44,75
3,57,13,2.8,11.653972766371984,0.0,7,44,75
3,57,14,2.8,10.720993450180929,0.0,7,44,75
3,57,15,2.8,11.62005923947372,0.0,7,44,75
3,57,16,2.8,10.358583622568775,0.0,7,44,75
3,57,17,2.8,15.605982248881851,0.0,7,44,75
3,57,18,2.8,10.509303887483709,0.0,7,44,75
3,57,19,2.8,14.122083001021325,0.0,7,44,75
3,57,20,2.8,10.21720595473369,0.0,7,44,75
3,57,21,2.8,9.328302356278465,0.0,7,44,75
3,57,22,2.8,11.560732628031506,0.0,7,44,75
1,58,1,4.2,9.265214302530826,0.0,7,44,75
1,58,2,3.4,9.477613534360021,0.0,7,44,75
1,58,3,2.8,10.918166728375478,0.0,7,44,75
1,58,4,3.2,9.24568664254906,0.0,7,44,75
1,58,5,3.0,11.575447031164472,0.0,7,44,75
1,58,6,2.8,11.735264042943445,0.0,7,44,75
1,58,7,2.8,10.793908215745468,0.0,7,44,75
1,58,8,2.8,11.274373303733386,0.0,7,44,75
1,58,9,2.8,12.14572917410607,0.0,7,44,75
1,58,10,2.8,11.999554030235029,0.0,7,44,75
1,58,11,2.8,14.409716445419928,0.0,7,44,75
1,58,12,2.8,14.131522193776902,0.0,7,44,75
1,58,13,2.8,10.735293827617136,0.0,7,44,75
1,58,14,2.8,12.118361859658954,0.0,7,44,75
1,58,15,2.8,13.683779783692124,0.0,7,44,75
1,58,16,2.8,11.149546957164436,0.0,7,44,75
1,58,17,3.0,9.427597583154675,0.0,7,44,75
1,58,18,2.8,12.806374837728628,0.0,7,44,75
1,58,19,3.0,11.182643073549686,0.0,7,44,75
1,58,20,2.8,11.006578682469396,0.0,7,44,75
1,58,21,2.8,11.840725786903642,0.0,7,44,75
2,58,1,3.2,12.218110176848608,0.0,7,44,75
2,58,2,3.4,9.629907319184737,0.0,7,44,75
2,58,3,3.6,8.746181861042318,0.0,7,44,75
2,58,4,3.2,8.266369700723553,0.0,7,44,75
2,58,5,2.8,12.02044191193253,0.0,7,44,75
2,58,6,2.8,9.824891076465045,0.0,7,44,75
2,58,7,3.0,10.799216493732452,0.0,7,44,75
2,58,8,2.8,12.862969144802667,0.0,7,44,75
2,58,9,2.8,10.85344316889216,0.0,7,44,75
2,58,10,2.8,10.251039295484093,0.0,7,44,75
2,58,11,2.8,13.657427565518262,0.0,7,44,75
2,58,12,2.8,11.812660513439633,0.0,7,44,75
2,58,13,2.8,12.227073743584418,0.0,7,44,75
2,58,14,2.8,9.85256236754048,0.0,7,44,75
2,58,15,3.0,10.133671026343784,0.0,7,44,75
2,58,16,2.8,10.88179666063282,0.0,7,44,75
2,58,17,2.8,10.45375598604879,0.0,7,44,75
2,58,18,2.8,14.853550684401002,0.0,7,44,75
2,58,19,3.0,8.853894661237641,0.0,7,44,75
2,58,20,2.8,7.890498708761075,0.0,7,44,75
2,58,21,2.8,10.110915840207664,0.0,7,44,75
3,58,1,2.8,9.956781223484706,0.0,7,44,75
3,58,2,2.8,9.668950115118546,0.0,7,44,75
3,58,3,2.8,11.436042405946182,0.0,7,44,75
3,58,4,2.8,10.050222748367965,0.0,7,44,75
3,58,5,2.8,10.171980923305018,0.0,7,44,75
3,58,6,2.8,8.533314111048732,0.0,7,44,75
3,58,7,2.8,10.840844049298319,0.0,7,44,75
3,58,8,2.8,11.160179130563836,0.0,7,44,75
3,58,9,2.8,13.799939842809207,0.0,7,44,75
3,58,10,2.8,13.514005529723281,0.0,7,44,75
3,58,11,2.8,12.330359257970391,0.0,7,44,75
3,58,12,3.6,9.401409685537015,0.125,5,44,75
3,58,13,2.8,10.763655851198644,0.0,7,44,75
3,58,14,2.8,9.592365590428335,0.0,7,44,75
3,58,15,2.8,13.109402338087389,0.0,7,44,75
3,58,16,2.8,10.868959613312786,0.0,7,44,75
3,58,17,2.8,13.760187561911193,0.0,7,44,75
3,58,18,2.8,11.001744425882078,0.0,7,44,75
3,58,19,2.8,10.920938784151746,0.0,7,44,75
3,58,20,2.8,11.623420803911698,0.0,7,44,75
3,58,21,2.8,7.920106213255175,0.0,7,44,75
3,58,22,2.8,11.883743753039383,0.0,7,44,75
1,59,1,4.4,7.866038170900659,0.0,7,44,75
1,59,2,3.6,10.591309131258656,0.0,7,44,75
1,59,3,3.2,8.595746824670586,0.0,7,44,75
1,59,4,3.0,12.136936703556605,0.0,7,44,75
1,59,5,3.0,9.257817068363398,0.0,7,44,75
1,59,6,2.8,9.076667412309101,0.0,7,44,75
1,59,7,3.0,11.088687113955203,0.0,7,44,75
1,59,8,2.8,10.838198812147333,0.0,7,44,75
1,59,9,2.8,13.476955912806302,0.0,7,44,75
1,59,10,2.8,13.533731655237341,0.0,7,44,75
1,59,11,2.8,12.83649188324372,0.0,7,44,75
1,59,12,2.8,13.103405151080482,0.0,7,44,75
1,59,13,2.8,15.84293773085834,0.0,7,44,75
1,59,14,2.8,13.425219095955324,0.0,7,44,75
1,59,15,2.8,12.788774948163693,0.0,7,44,75
1,59,16,2.8,15.18555385789954,0.0,7,44,75
1,59,17,3.0,8.044855996858823,0.0,7,44,75
1,59,18,2.8,9.828081840110247,0.0,7,44,75
1,59,19,3.0,11.454811495761458,0.0,7,44,75
1,59,20,2.8,9.278213387580834,0.0,7,44,75
1,59,21,3.2,9.730741880108273,0.0,7,44,75
2,59,1,2.8,14.28004126922096,0.0,7,44,75
2,59,2,2.8,10.736819678191477,0.0,7,44,75
2,59,3,3.2,10.110557119494079,0.0,7,44,75
2,59,4,3.0,9.291347637323815,0.0,7,44,75
2,59,5,2.8,12.93650033554101,0.0,7,44,75
2,59,6,2.8,12.16539692235575,0.0,7,44,75
2,59,7,3.0,11.163752517114867,0.0,7,44,75
2,59,8,2.8,13.804620301586542,0.0,7,44,75
2,59,9,2.8,14.239062940033056,0.0,7,44,75
2,59,10,2.8,12.867906338212089,0.0,7,44,75
2,59,11,2.8,8.689592240672969,0.0,7,44,75
2,59,12,2.8,12.89434187754221,0.0,7,44,75
2,59,13,2.8,10.281200637005144,0.0,7,44,75
2,59,14,2.8,11.360076534938532,0.0,7,44,75
2,59,15,2.8,9.911498532088233,0.0,7,44,75
2,59,16,3.0,11.011462302688598,0.0,7,44,75
2,59,17,2.8,12.079347516164674,0.0,7,44,75
2,59,18,2.8,12.533495327573132,0.0,7,44,75
2,59,19,3.0,10.546643142109954,0.0,7,44,75
2,59,20,2.8,9.935275143867694,0.0,7,44,75
2,59,21,2.8,9.140903164087051,0.0,7,44,75
2,59,22,2.0,14.32683726228101,0.0,5,44,75
3,59,1,2.8,10.34409440355097,0.0,7,44,75
3,59,2,2.8,11.088910456562093,0.0,7,44,75
3,59,3,2.8,9.98043917182306,0.0,7,44,75
3,59,4,2.8,9.887744244330017,0.0,7,44,75
3,59,5,2.8,10.274508535886488,0.0,7,44,75
3,59,6,2.8,10.301098938716159,0.0,7,44,75
3,59,7,2.8,10.560078068640964,0.0,7,44,75
3,59,8,2.8,11.410019020489433,0.0,7,44,75
3,59,9,2.8,14.452110826262512,0.0,7,44,75
3,59,10,2.8,11.441062758223863,0.0,7,44,75
3,59,11,2.8,11.496009140200877,0.0,7,44,75
3,59,12,3.0,10.97297999715234,0.0,7,44,75
3,59,13,2.8,10.38726044783321,0.0,7,44,75
3,59,14,2.8,11.070286045049013,0.0,7,44,75
3,59,15,2.8,13.952857437197846,0.0,7,44,75
3,59,16,3.0,9.959439429941641,0.0,7,44,75
3,59,17,2.8,16.692217522845908,0.0,7,44,75
3,59,18,3.0,10.237585875666348,0.0,7,44,75
3,59,19,2.8,11.814284063588852,0.0,7,44,75
3,59,20,2.8,10.756022013331386,0.0,7,44,75
3,59,21,2.8,8.999453948591553,0.0,7,44,75
3,59,22,2.8,11.160178833614369,0.0,7,44,75
1,60,1,4.4,8.966213381879955,0.0,7,44,75
1,60,2,3.4,11.542034705157937,0.0,7,44,75
1,60,3,3.2,8.719830665031623,0.0,7,44,75
1,60,4,3.0,10.62187154525893,0.0,7,44,75
1,60,5,3.0,10.307828032978307,0.0,7,44,75
1,60,6,2.8,9.982449047724801,0.0,7,44,75
1,60,7,2.8,11.62795804564526,0.0,7,44,75
1,60,8,2.8,8.4083286622281,0.0,7,44,75
1,60,9,2.8,14.98790164590799,0.0,7,44,75
1,60,10,2.8,11.470189438694451,0.0,7,44,75
1,60,11,2.8,14.966818215007335,0.0,7,44,75
1,60,12,2.8,15.872101273984612,0.0,7,44,75
1,60,13,2.8,13.385229391615546,0.0,7,44,75
1,60,14,2.8,11.645553302424535,0.0,7,44,75
1,60,15,2.8,13.440960876214266,0.0,7,44,75
1,60,16,2.8,16.403751148189215,0.0,7,44,75
1,60,17,3.0,8.68890324705411,0.0,7,44,75
1,60,18,2.8,8.777324707536334,0.0,7,44,75
1,60,19,3.0,11.96169656345823,0.0,7,44,75
1,60,20,3.0,9.6308494307834,0.0,7,44,75
1,60,21,3.2,8.516457235285214,0.0,7,44,75
2,60,1,2.8,12.949695047981635,0.0,7,44,75
2,60,2,2.8,10.199657410239476,0.0,7,44,75
2,60,3,3.2,11.673670732675511,0.0,7,44,75
2,60,4,3.0,9.828884748474954,0.0,7,44,75
2,60,5,2.8,10.696633862372504,0.0,7,44,75
2,60,6,2.8,9.836991765311533,0.0,7,44,75
2,60,7,3.0,11.329185412877766,0.0,7,44,75
2,60,8,2.8,14.952052967960412,0.0,7,44,75
2,60,9,2.8,11.009506912257587,0.0,7,44,75
2,60,10,2.8,15.710536488730629,0.0,7,44,75
2,60,11,2.8,9.469958467597605,0.0,7,44,75
2,60,12,2.8,11.845467055515915,0.0,7,44,75
2,60,13,2.8,11.265980534321262,0.0,7,44,75
2,60,14,2.8,12.030434583342513,0.0,7,44,75
2,60,15,2.8,10.058196790795135,0.0,7,44,75
2,60,16,3.0,10.573618246189357,0.0,7,44,75
2,60,17,2.8,12.008199039104436,0.0,7,44,75
2,60,18,2.8,12.208263929941552,0.0,7,44,75
2,60,19,3.0,11.832040651053816,0.0,7,44,75
2,60,20,2.8,9.357640976515983,0.0,7,44,75
2,60,21,2.8,8.529041066730176,0.0,7,44,75
2,60,22,2.0,16.534538265504285,0.0,5,44,75
3,60,1,2.8,10.257354121710097,0.0,7,44,75
3,60,2,2.8,10.37416927889937,0.0,7,44,75
3,60,3,2.8,9.680305101169042,0.0,7,44,75
3,60,4,2.8,10.184101418574103,0.0,7,44,75
3,60,5,2.8,9.419977785053401,0.0,7,44,75
3,60,6,2.8,10.477567368092295,0.0,7,44,75
3,60,7,2.8,10.879411550195046,0.0,7,44,75
3,60,8,2.8,11.099419421889632,0.0,7,44,75
3,60,9,2.8,12.925049424156823,0.0,7,44,75
3,60,10,2.8,13.945391317900391,0.0,7,44,75
3,60,11,2.8,11.539388475222111,0.0,7,44,75
3,60,12,3.0,14.14523195383254,0.0,7,44,75
3,60,13,2.8,11.003980054310322,0.0,7,44,75
3,60,14,2.8,10.219411445655904,0.0,7,44,75
3,60,15,2.8,12.893912504555523,0.0,7,44,75
3,60,16,2.8,10.62860037763794,0.0,7,44,75
3,60,17,2.8,15.030695405950876,0.0,7,44,75
3,60,18,2.8,9.88109544487797,0.0,7,44,75
3,60,19,2.8,14.0571673271488,0.0,7,44,75
3,60,20,2.8,11.70302873070382,0.0,7,44,75
3,60,21,2.8,9.314096534915937,0.0,7,44,75
3,60,22,2.8,11.388519750536869,0.0,7,44,75
1,61,1,4.2,9.513888855411288,0.0,7,44,75
1,61,2,3.2,10.34637086606717,0.0,7,44,75
1,61,3,3.0,10.401995873411524,0.0,7,44,75
1,61,4,3.2,8.442577115636167,0.0,7,44,75
1,61,5,3.0,11.46532780912706,0.0,7,44,75
1,61,6,2.8,11.622097960042886,0.0,7,44,75
1,61,7,2.8,12.093647209534724,0.0,7,44,75
1,61,8,2.8,12.646731868149116,0.0,7,44,75
1,61,9,2.8,14.656741390865351,0.0,7,44,75
1,61,10,2.8,12.394448618014444,0.0,7,44,75
1,61,11,2.8,15.209868368048975,0.0,7,44,75
1,61,12,2.8,16.62698638275835,0.0,7,44,75
1,61,13,2.8,12.950047386493981,0.0,7,44,75
1,61,14,2.8,14.13683696085998,0.0,7,44,75
1,61,15,2.8,15.555959970500425,0.0,7,44,75
1,61,16,2.8,12.489878748289726,0.0,7,44,75
1,61,17,3.0,9.398191025948092,0.0,7,44,75
1,61,18,2.8,11.16863708260122,0.0,7,44,75
1,61,19,3.0,9.25837294195956,0.0,7,44,75
1,61,20,2.8,9.423129246350413,0.0,7,44,75
1,61,21,2.8,11.748386730771974,0.0,7,44,75
2,61,1,2.8,17.712549936840475,0.0,7,44,75
2,61,2,2.8,9.5918123980143,0.0,7,44,75
2,61,3,3.8,8.707097009445372,0.125,7,44,75
2,61,4,2.8,11.68688538863618,0.0,7,44,75
2,61,5,2.8,9.957581531469659,0.0,7,44,75
2,61,6,2.8,10.326172381648627,0.0,7,44,75
2,61,7,3.0,12.351553981125711,0.0,7,44,75
2,61,8,2.8,12.785987051676168,0.0,7,44,75
2,61,9,2.8,12.10591110909177,0.0,7,44,75
2,61,10,2.8,12.249480987213891,0.0,7,44,75
2,61,11,2.8,10.918669353001468,0.0,7,44,75
2,61,12,2.8,11.739182846100405,0.0,7,44,75
2,61,13,2.8,12.273829434522215,0.0,7,44,75
2,61,14,2.8,9.737238589330467,0.0,7,44,75
2,61,15,2.8,10.223508719901634,0.0,7,44,75
2,61,16,3.0,9.716242902379545,0.0,7,44,75
2,61,17,2.8,10.118350404952764,0.0,7,44,75
2,61,18,2.8,12.569448921965005,0.0,7,44,75
2,61,19,3.0,11.367302928533489,0.0,7,44,75
2,61,20,2.8,9.365914610862887,0.0,7,44,75
2,61,21,2.8,8.431314830161138,0.0,7,44,75
2,61,22,2.0,22.230332811074888,0.0,4,44,75
3,61,1,2.8,9.221208076102766,0.0,7,44,75
3,61,2,2.8,11.637496544193446,0.0,7,44,75
3,61,3,2.8,11.063675819059576,0.0,7,44,75
3,61,4,2.8,10.218130258662354,0.0,7,44,75
3,61,5,2.8,8.847643473310312,0.0,7,44,75
3,61,6,2.8,10.353412142207931,0.0,7,44,75
3,61,7,2.8,10.207590846414988,0.0,7,44,75
3,61,8,2.8,11.452750621856254,0.0,7,44,75
3,61,9,2.8,14.910125002265335,0.0,7,44,75
3,61,10,2.8,11.398418167647751,0.0,7,44,75
3,61,11,2.8,12.405388464483611,0.0,7,44,75
3,61,12,3.0,11.936684326686732,0.0,7,44,75
3,61,13,2.8,10.790427808423892,0.0,7,44,75
3,61,14,2.8,10.536302230054792,0.0,7,44,75
3,61,15,2.8,13.672142677394238,0.0,7,44,75
3,61,16,2.8,10.537044151629043,0.0,7,44,75
3,61,17,2.8,15.293792041579032,0.0,7,44,75
3,61,18,2.8,11.694926454241529,0.0,7,44,75
3,61,19,2.8,13.86595240980963,0.0,7,44,75
3,61,20,2.8,10.909760461205705,0.0,7,44,75
3,61,21,2.8,9.870248594569599,0.0,7,44,75
3,61,22,2.8,11.30432309660378,0.0,7,44,75
1,62,1,4.4,8.42704814515612,0.0,7,44,75
1,62,2,3.4,12.196114577194557,0.0,7,44,75
1,62,3,3.2,9.227207724801287,0.0,7,44,75
1,62,4,3.0,13.381579834956995,0.0,7,44,75
1,62,5,3.0,10.885029393961345,0.0,7,44,75
1,62,6,2.8,11.596046581335896,0.0,7,44,75
1,62,7,2.8,13.20813418618553,0.0,7,44,75
1,62,8,2.8,10.065630225965599,0.0,7,44,75
1,62,9,2.8,16.876818345049546,0.0,7,44,75
1,62,10,2.8,12.757162412120248,0.0,7,44,75
1,62,11,2.8,12.511844742443325,0.0,7,44,75
1,62,12,2.8,13.831899341404668,0.0,7,44,75
1,62,13,2.8,13.122888110129859,0.0,7,44,75
1,62,14,2.8,13.775254224957498,0.0,7,44,75
1,62,15,3.0,10.83970314814587,0.0,7,44,75
1,62,16,2.8,15.954962445366123,0.0,7,44,75
1,62,17,3.0,9.38608029075058,0.0,7,44,75
1,62,18,3.0,9.606807379698306,0.0,7,44,75
1,62,19,3.0,11.88402562411694,0.0,7,44,75
1,62,20,3.0,8.498733037758276,0.0,7,44,75
1,62,21,3.0,9.120551921234815,0.0,6,44,75
2,62,1,3.2,12.416544954691991,0.0,7,44,75
2,62,2,3.2,9.952214249666296,0.0,7,44,75
2,62,3,3.4,10.198733293970497,0.0,7,44,75
2,62,4,3.2,8.688041755309428,0.0,7,44,75
2,62,5,2.8,13.142027034711457,0.0,7,44,75
2,62,6,2.8,9.732046451028639,0.0,7,44,75
2,62,7,3.0,10.681924623193435,0.0,7,44,75
2,62,8,2.8,12.381996500549583,0.0,7,44,75
2,62,9,2.8,11.625048007770351,0.0,7,44,75
2,62,10,2.8,9.598229466411482,0.0,7,44,75
2,62,11,2.8,12.142309016271152,0.0,7,44,75
2,62,12,2.8,11.577249325820304,0.0,7,44,75
2,62,13,2.8,10.774253829821218,0.0,7,44,75
2,62,14,2.8,10.41744549568752,0.0,7,44,75
2,62,15,3.0,8.93306327564669,0.0,7,44,75
2,62,16,2.8,12.25279725268703,0.0,7,44,75
2,62,17,2.8,12.233726151885309,0.0,7,44,75
2,62,18,2.8,12.328268927752193,0.0,7,44,75
2,62,19,3.0,11.50207323324341,0.0,7,44,75
2,62,20,2.8,9.122017009420084,0.0,7,44,75
2,62,21,2.8,9.939643634793345,0.0,7,44,75
3,62,1,2.8,9.956781223484631,0.0,7,44,75
3,62,2,2.8,10.645009809067364,0.0,7,44,75
3,62,3,2.8,10.847823003703326,0.0,7,44,75
3,62,4,2.8,9.148260310944341,0.0,7,44,75
3,62,5,2.8,9.291186473917424,0.0,7,44,75
3,62,6,2.8,11.00546522523743,0.0,7,44,75
3,62,7,2.8,10.596670355249596,0.0,7,44,75
3,62,8,2.8,10.075474069000938,0.0,7,44,75
3,62,9,2.8,12.95242140189003,0.0,7,44,75
3,62,10,2.8,10.700446898240015,0.0,7,44,75
3,62,11,2.8,11.283914407246439,0.0,7,44,75
3,62,12,3.0,11.641323815581911,0.0,7,44,75
3,62,13,2.8,10.029555456736336,0.0,7,44,75
3,62,14,2.8,10.219411445656062,0.0,7,44,75
3,62,15,2.8,11.776681070175737,0.0,7,44,75
3,62,16,2.8,9.794572364822118,0.0,7,44,75
3,62,17,2.8,14.063001244991538,0.0,7,44,75
3,62,18,2.8,10.126497741929121,0.0,7,44,75
3,62,19,2.8,13.52857390520359,0.0,7,44,75
3,62,20,2.8,11.978064490730791,0.0,7,44,75
3,62,21,2.8,9.546711425700472,0.0,7,44,75
3,62,22,2.8,12.37974023071277,0.0,7,44,75
1,63,1,4.2,8.554926444862504,0.0,7,44,75
1,63,2,3.2,10.752524210252446,0.0,7,44,75
1,63,3,3.0,10.2081636979753,0.0,7,44,75
1,63,4,3.2,9.259894024901595,0.0,7,44,75
1,63,5,3.0,11.687702055986875,0.0,7,44,75
1,63,6,2.8,9.886879881555672,0.0,7,44,75
1,63,7,2.8,11.786149782910837,0.0,7,44,75
1,63,8,2.8,11.758356864171189,0.0,7,44,75
1,63,9,2.8,11.835611492849377,0.0,7,44,75
1,63,10,2.8,11.365839675864502,0.0,7,44,75
1,63,11,2.8,12.368897819470595,0.0,7,44,75
1,63,12,2.8,14.032798054307134,0.0,7,44,75
1,63,13,2.8,13.351751725956632,0.0,7,44,75
1,63,14,2.8,12.367063932175457,0.0,7,44,75
1,63,15,2.8,12.06708071674318,0.0,7,44,75
1,63,16,2.8,14.263703250220852,0.0,7,44,75
1,63,17,3.0,7.21515637953867,0.0,7,44,75
1,63,18,2.8,11.803033464341063,0.0,7,44,75
1,63,19,3.0,10.198510852094829,0.0,7,44,75
1,63,20,3.0,10.085208384954285,0.0,7,44,75
1,63,21,3.2,9.549408927007546,0.0,7,44,75
2,63,1,2.8,19.90284625121305,0.0,7,44,75
2,63,2,3.0,9.701152499283628,0.0,7,44,75
2,63,3,3.0,10.59782359417855,0.0,7,44,75
2,63,4,3.2,10.028838036093607,0.0,7,44,75
2,63,5,3.0,10.782979267937064,0.0,7,44,75
2,63,6,2.8,10.449671267347412,0.0,7,44,75
2,63,7,3.2,10.390466274371093,0.0,7,44,75
2,63,8,2.8,10.948899225603254,0.0,7,44,75
2,63,9,2.8,15.277589947484643,0.0,7,44,75
2,63,10,2.8,11.39017624960737,0.0,7,44,75
2,63,11,2.8,10.805184773339478,0.0,7,44,75
2,63,12,2.8,13.681326861318176,0.0,7,44,75
2,63,13,2.8,11.54904109447538,0.0,7,44,75
2,63,14,2.8,12.516415188331456,0.0,7,44,75
2,63,15,3.0,9.303569595008438,0.0,7,44,75
2,63,16,2.8,11.446556192662277,0.0,7,44,75
2,63,17,2.8,10.699218171811584,0.0,7,44,75
2,63,18,2.8,11.907710057914915,0.0,7,44,75
2,63,19,3.0,9.469755953624206,0.0,7,44,75
2,63,20,2.8,9.295857223331508,0.0,7,44,75
2,63,21,3.0,8.992922502235713,0.0,7,44,75
3,63,1,2.8,9.463770740432027,0.0,7,44,75
3,63,2,2.8,12.194365509440418,0.0,7,44,75
3,63,3,2.8,10.334587413437083,0.0,7,44,75
3,63,4,2.8,10.462851998985931,0.0,7,44,75
3,63,5,2.8,10.975119469113968,0.0,7,44,75
3,63,6,2.8,10.791855890076457,0.0,7,44,75
3,63,7,2.8,9.629052299968345,0.0,7,44,75
3,63,8,2.8,10.901580056126429,0.0,7,44,75
3,63,9,2.8,13.799939842809351,0.0,7,44,75
3,63,10,2.8,13.136663213801905,0.0,7,44,75
3,63,11,2.8,10.729638617561392,0.0,7,44,75
3,63,12,3.6,9.777132428856802,0.125,7,44,75
3,63,13,2.8,11.689392040239989,0.0,7,44,75
3,63,14,2.8,9.562370905574303,0.0,7,44,75
3,63,15,2.8,12.544742451291738,0.0,7,44,75
3,63,16,2.8,10.460013666812731,0.0,7,44,75
3,63,17,2.8,13.66793646059032,0.0,7,44,75
3,63,18,2.8,10.49216327382592,0.0,7,44,75
3,63,19,2.8,10.805176763451486,0.0,7,44,75
3,63,20,2.8,13.319381673136437,0.0,7,44,75
3,63,21,2.8,8.307382320654197,0.0,7,44,75
3,63,22,2.8,11.52543806502748,0.0,7,44,75
1,64,1,4.2,8.341761667782617,0.0,7,44,75
1,64,2,3.4,10.428955573943322,0.0,7,44,75
1,64,3,3.0,11.253606192638275,0.0,7,44,75
1,64,4,3.0,10.03973482776395,0.0,7,44,75
1,64,5,3.0,11.33591914672408,0.0,7,44,75
1,64,6,2.8,10.82849188167189,0.0,7,44,75
1,64,7,2.8,10.493179642816628,0.0,7,44,75
1,64,8,2.8,11.712647981496813,0.0,7,44,75
1,64,9,2.8,13.386896116134015,0.0,7,44,75
1,64,10,2.8,10.834522878039554,0.0,7,44,75
1,64,11,2.8,13.238431469985915,0.0,7,44,75
1,64,12,2.8,12.755535156403479,0.0,7,44,75
1,64,13,2.8,12.839676555004052,0.0,7,44,75
1,64,14,2.8,12.732903756577684,0.0,7,44,75
1,64,15,2.8,17.914483206161187,0.0,7,44,75
1,64,16,2.8,13.259378160626337,0.0,7,44,75
1,64,17,2.8,8.687419551189565,0.0,7,44,75
1,64,18,2.8,10.969492671700333,0.0,7,44,75
1,64,19,3.0,11.445628384654283,0.0,7,44,75
1,64,20,2.8,11.982201711802901,0.0,7,44,75
1,64,21,3.0,9.435882358965895,0.0,7,44,75
2,64,1,3.0,13.4658989118255,0.0,7,44,75
2,64,2,3.0,9.320621323338367,0.0,7,44,75
2,64,3,3.2,11.759331112808999,0.0,7,44,75
2,64,4,3.4,8.99452412642191,0.0,7,44,75
2,64,5,2.8,10.409775158364889,0.0,7,44,75
2,64,6,2.8,9.902600761203217,0.0,7,44,75
2,64,7,3.0,11.533390474643987,0.0,7,44,75
2,64,8,2.8,14.602400995549134,0.0,7,44,75
2,64,9,2.8,11.54560552844867,0.0,7,44,75
2,64,10,2.8,11.551027085183524,0.0,7,44,75
2,64,11,2.8,9.921281517757352,0.0,7,44,75
2,64,12,2.8,12.97414439344314,0.0,7,44,75
2,64,13,2.8,11.692770616950567,0.0,7,44,75
2,64,14,2.8,10.311705473192944,0.0,7,44,75
2,64,15,3.0,8.479472158822961,0.0,7,44,75
2,64,16,2.8,11.372269526961967,0.0,7,44,75
2,64,17,2.8,11.306151211377772,0.0,7,44,75
2,64,18,2.8,13.044544919736634,0.0,7,44,75
2,64,19,3.0,10.641752465137685,0.0,7,44,75
2,64,20,2.8,8.75455385477759,0.0,7,44,75
2,64,21,3.0,8.790867280746916,0.0,7,44,75
3,64,1,2.8,10.240180339374279,0.0,7,44,75
3,64,2,3.0,11.503279821204867,0.0,7,44,75
3,64,3,2.8,11.32849872323813,0.0,7,44,75
3,64,4,2.8,9.653954232932701,0.0,7,44,75
3,64,5,2.8,9.602513230810617,0.0,7,44,75
3,64,6,2.8,8.543984192314488,0.0,7,44,75
3,64,7,3.0,9.675687876433116,0.0,7,44,75
3,64,8,2.8,10.67426010343202,0.0,7,44,75
3,64,9,2.8,13.16949168648792,0.0,7,44,75
3,64,10,2.8,12.719318274865694,0.0,7,44,75
3,64,11,2.8,10.863969538872638,0.0,7,44,75
3,64,12,3.0,12.655782738608242,0.0,7,44,75
3,64,13,2.8,11.373386509874887,0.0,7,44,75
3,64,14,2.8,8.87403254592302,0.0,7,44,75
3,64,15,2.8,15.07973243789036,0.0,7,44,75
3,64,16,3.0,9.872233082289629,0.0,7,44,75
3,64,17,2.8,13.698549082054278,0.0,7,44,75
3,64,18,3.0,11.642306386918545,0.0,7,44,75
3,64,19,2.8,12.60484537278439,0.0,7,44,75
3,64,20,2.8,11.424198418749501,0.0,7,44,75
3,64,21,2.8,8.987518485912156,0.0,7,44,75
3,64,22,2.8,10.826853925966033,0.0,7,44,75
1,65,1,4.2,8.161006645281724,0.0,7,44,75
1,65,2,3.2,10.695271981360282,0.0,7,44,75
1,65,3,3.0,12.117135016425841,0.0,7,44,75
1,65,4,3.2,9.064880374731397,0.0,7,44,75
1,65,5,3.0,12.778187702930605,0.0,7,44,75
1,65,6,2.8,10.966435105075375,0.0,7,44,75
1,65,7,2.8,11.85571462918792,0.0,7,44,75
1,65,8,2.8,11.667293095826572,0.0,7,44,75
1,65,9,2.8,14.009334364156874,0.0,7,44,75
1,65,10,2.8,11.881259012026293,0.0,7,44,75
1,65,11,2.8,14.798984640465632,0.0,7,44,75
1,65,12,2.8,15.04909730514357,0.0,7,44,75
1,65,13,2.8,11.716298567763035,0.0,7,44,75
1,65,14,2.8,12.241449844145079,0.0,7,44,75
1,65,15,2.8,15.050867849777147,0.0,7,44,75
1,65,16,2.8,11.170214441324957,0.0,7,44,75
1,65,17,2.8,10.20236813211533,0.0,7,44,75
1,65,18,3.0,11.219786529788507,0.0,7,44,75
1,65,19,3.0,10.095991495777195,0.0,7,44,75
1,65,20,2.8,9.364554402687972,0.0,7,44,75
1,65,21,2.8,11.748386730771921,0.0,7,44,75
2,65,1,3.2,16.19827328897416,0.0,7,44,75
2,65,2,3.2,10.462977031337292,0.0,7,44,75
2,65,3,3.2,10.576886290716454,0.0,7,44,75
2,65,4,3.4,8.757196865233032,0.0,7,44,75
2,65,5,2.8,14.210763991370111,0.0,7,44,75
2,65,6,2.8,9.778726437839167,0.0,7,44,75
2,65,7,3.2,10.405884733184866,0.0,7,44,75
2,65,8,2.8,13.372646520608143,0.0,7,44,75
2,65,9,2.8,11.277706008559495,0.0,7,44,75
2,65,10,2.8,10.725493831192276,0.0,7,44,75
2,65,11,2.8,15.202838046875376,0.0,7,44,75
2,65,12,2.8,14.484431413827666,0.0,7,44,75
2,65,13,2.8,11.645519629112052,0.0,7,44,75
2,65,14,2.8,10.86931615905649,0.0,7,44,75
2,65,15,3.0,10.113930927235966,0.0,7,44,75
2,65,16,2.8,11.72214396677666,0.0,7,44,75
2,65,17,2.8,12.417861460067064,0.0,7,44,75
2,65,18,3.0,11.618803807998045,0.0,7,44,75
2,65,19,2.8,12.139805217302904,0.0,7,44,75
2,65,20,2.8,6.992974423735542,0.0,7,44,75
2,65,21,3.0,10.307009653734491,0.0,7,44,75
3,65,1,2.8,9.781617041364626,0.0,7,44,75
3,65,2,2.8,11.420198303486233,0.0,7,44,75
3,65,3,2.8,10.129200598059025,0.0,7,44,75
3,65,4,2.8,9.329674545320724,0.0,7,44,75
3,65,5,2.8,9.124844859644412,0.0,7,44,75
3,65,6,2.8,10.441791640054817,0.0,7,44,75
3,65,7,2.8,9.814471502954722,0.0,7,44,75
3,65,8,2.8,11.80648175661242,0.0,7,44,75
3,65,9,2.8,14.659955153382802,0.0,7,44,75
3,65,10,2.8,14.00927639227196,0.0,7,44,75
3,65,11,2.8,12.380277479576066,0.0,7,44,75
3,65,12,2.8,14.601529788152707,0.0,7,44,75
3,65,13,2.8,9.650213976145682,0.0,7,44,75
3,65,14,2.8,11.65918375833325,0.0,7,44,75
3,65,15,2.8,13.076744454421668,0.0,7,44,75
3,65,16,2.8,11.534895678978389,0.0,7,44,75
3,65,17,2.8,14.381258891600451,0.0,7,44,75
3,65,18,3.0,10.011867001291357,0.0,7,44,75
3,65,19,2.8,13.178764908118808,0.0,7,44,75
3,65,20,2.8,11.725465036324831,0.0,7,44,75
3,65,21,2.8,9.775593180170203,0.0,7,44,75
3,65,22,2.8,11.6266628733444,0.0,7,44,75
1,66,1,4.2,9.222673815811616,0.0,7,44,75
1,66,2,3.4,9.216688766977546,0.0,7,44,75
1,66,3,3.0,10.694396233092535,0.0,7,44,75
1,66,4,3.0,9.940367227110185,0.0,7,44,75
1,66,5,3.0,12.283299843765754,0.0,7,44,75
1,66,6,2.8,10.051799359340603,0.0,7,44,75
1,66,7,2.8,10.295966525923886,0.0,7,44,75
1,66,8,2.8,11.006665872002339,0.0,7,44,75
1,66,9,2.8,12.655899859616303,0.0,7,44,75
1,66,10,2.8,11.881259012026346,0.0,7,44,75
1,66,11,2.8,17.87120769186263,0.0,7,44,75
1,66,12,2.8,15.27802471299425,0.0,7,44,75
1,66,13,2.8,12.70433076167983,0.0,7,44,75
1,66,14,2.8,11.672371470629436,0.0,7,44,75
1,66,15,2.8,16.05325019157616,0.0,7,44,75
1,66,16,2.8,12.361770297904618,0.0,7,44,75
1,66,17,2.8,9.149060384316472,0.0,7,44,75
1,66,18,3.0,10.299329214217675,0.0,7,44,75
1,66,19,3.0,10.860186949600212,0.0,7,44,75
1,66,20,2.8,11.445593140524403,0.0,7,44,75
1,66,21,2.8,10.91822312803967,0.0,7,44,75
2,66,1,3.2,14.932719502534175,0.0,7,44,75
2,66,2,3.4,9.059346469798628,0.0,7,44,75
2,66,3,3.6,7.971065678940129,0.0,7,44,75
2,66,4,3.2,10.111292858748337,0.0,7,44,75
2,66,5,2.8,11.85731417869227,0.0,7,44,75
2,66,6,2.8,10.235964622275894,0.0,7,44,75
2,66,7,3.2,10.163965616861896,0.0,7,44,75
2,66,8,2.8,12.156127817020895,0.0,7,44,75
2,66,9,2.8,13.556279090550824,0.0,7,44,75
2,66,10,2.8,9.642081717790928,0.0,7,44,75
2,66,11,2.8,14.670546606649765,0.0,7,44,75
2,66,12,2.8,14.982085049683054,0.0,7,44,75
2,66,13,2.8,12.543016010200787,0.0,7,44,75
2,66,14,2.8,11.605884207436615,0.0,7,44,75
2,66,15,3.0,9.490562126700778,0.0,7,44,75
2,66,16,2.8,11.958846437829186,0.0,7,44,75
2,66,17,2.8,10.149085270994037,0.0,7,44,75
2,66,18,3.0,11.603665493679232,0.0,7,44,75
2,66,19,2.8,9.098741479557651,0.0,7,44,75
2,66,20,2.8,8.962414885574946,0.0,7,44,75
2,66,21,3.0,10.442820646436875,0.0,7,44,75
3,66,1,2.8,9.277156219988424,0.0,7,44,75
3,66,2,2.8,10.374169278899451,0.0,7,44,75
3,66,3,2.8,11.834347233326728,0.0,7,44,75
3,66,4,2.8,9.217193796224501,0.0,7,44,75
3,66,5,2.8,9.13847883169892,0.0,7,44,75
3,66,6,2.8,10.37096815154072,0.0,7,44,75
3,66,7,2.8,9.30670418391311,0.0,7,44,75
3,66,8,2.8,11.67130126233893,0.0,7,44,75
3,66,9,2.8,14.69517849113771,0.0,7,44,75
3,66,10,2.8,12.621582285277816,0.0,7,44,75
3,66,11,2.8,12.430601521923519,0.0,7,44,75
3,66,12,3.0,17.356578528406885,0.0,7,44,75
3,66,13,2.8,12.188120736858375,0.0,7,44,75
3,66,14,2.8,9.921025771984082,0.0,7,44,75
3,66,15,2.8,11.914328060034704,0.0,7,44,75
3,66,16,2.8,10.358583622568693,0.0,7,44,75
3,66,17,2.8,15.255644308523372,0.0,7,44,75
3,66,18,2.8,11.390015624013175,0.0,7,44,75
3,66,19,2.8,12.660442256680318,0.0,7,44,75
3,66,20,2.8,9.951224322521545,0.0,7,44,75
3,66,21,2.8,7.967310893015449,0.0,7,44,75
3,66,22,2.8,10.209827633561911,0.0,7,44,75
1,67,1,4.2,8.988802745917871,0.0,7,44,75
1,67,2,3.2,10.888526577119071,0.0,7,44,75
1,67,3,3.0,11.278052512572824,0.0,7,44,75
1,67,4,3.2,9.629836165729671,0.0,7,44,75
1,67,5,3.0,11.106103277388975,0.0,7,44,75
1,67,6,2.8,9.711608110907367,0.0,7,44,75
1,67,7,2.8,11.031015191618273,0.0,7,44,75
1,67,8,2.8,10.887350032563631,0.0,7,44,75
1,67,9,2.8,15.565349093109583,0.0,7,44,75
1,67,10,2.8,10.624398846846244,0.0,7,44,75
1,67,11,2.8,11.811294662483403,0.0,7,44,75
1,67,12,2.8,14.198113643613862,0.0,7,44,75
1,67,13,2.8,13.062332182611419,0.0,7,44,75
1,67,14,2.8,13.9406120131671,0.0,7,44,75
1,67,15,2.8,15.24120330052883,0.0,7,44,75
1,67,16,2.8,13.058249007574162,0.0,7,44,75
1,67,17,3.0,8.718335354631405,0.0,7,44,75
1,67,18,2.8,10.692995634970787,0.0,7,44,75
1,67,19,3.0,9.864611463100124,0.0,7,44,75
1,67,20,2.8,11.08758486622896,0.0,7,44,75
1,67,21,2.8,11.414577593941118,0.0,7,44,75
2,67,1,3.0,15.796034709519827,0.0,7,44,75
2,67,2,3.2,10.020974530572374,0.0,7,44,75
2,67,3,3.2,9.573752418745752,0.0,7,44,75
2,67,4,3.6,8.657868084346084,0.0,7,44,75
2,67,5,2.8,12.421385701685404,0.0,7,44,75
2,67,6,2.8,10.237012403295989,0.0,7,44,75
2,67,7,3.0,12.391660873243254,0.0,7,44,75
2,67,8,2.8,13.502777177053161,0.0,7,44,75
2,67,9,2.8,13.409137518238543,0.0,7,44,75
2,67,10,2.8,9.813845666545161,0.0,7,44,75
2,67,11,2.8,12.36321020041619,0.0,7,44,75
2,67,12,2.8,14.21401272679446,0.0,7,44,75
2,67,13,2.8,11.525480443087169,0.0,7,44,75
2,67,14,2.8,10.880768446634331,0.0,7,44,75
2,67,15,3.0,8.946129755499449,0.0,7,44,75
2,67,16,2.8,9.407088627222759,0.0,7,44,75
2,67,17,2.8,12.483424396991104,0.0,7,44,75
2,67,18,2.8,13.206755607047878,0.0,7,44,75
2,67,19,3.0,10.734920960261125,0.0,7,44,75
2,67,20,2.8,9.388054650114968,0.0,7,44,75
2,67,21,2.8,9.27632464631773,0.0,7,44,75
3,67,1,2.8,10.104832997069567,0.0,7,44,75
3,67,2,2.8,10.795322157509737,0.0,7,44,75
3,67,3,2.8,10.53031415038225,0.0,7,44,75
3,67,4,2.8,8.767933653497398,0.0,7,44,75
3,67,5,2.8,9.449084460626237,0.0,7,44,75
3,67,6,2.8,10.459648912727218,0.0,7,44,75
3,67,7,2.8,9.509283328525488,0.0,7,44,75
3,67,8,2.8,10.748315113928316,0.0,7,44,75
3,67,9,2.8,10.275761989967098,0.0,7,44,75
3,67,10,2.8,12.025964101739508,0.0,7,44,75
3,67,11,2.8,11.30477105731762,0.0,7,44,75
3,67,12,3.0,11.936684326686732,0.0,7,44,75
3,67,13,2.8,10.404931534138926,0.0,7,44,75
3,67,14,2.8,10.27089618030623,0.0,7,44,75
3,67,15,2.8,11.664381617912486,0.0,7,44,75
3,67,16,2.8,10.152251432732562,0.0,7,44,75
3,67,17,2.8,15.807657040979887,0.0,7,44,75
3,67,18,2.8,10.314350176168006,0.0,7,44,75
3,67,19,2.8,12.428891197228523,0.0,7,44,75
3,67,20,2.8,12.144554926661964,0.0,7,44,75
3,67,21,2.8,8.69196854796156,0.0,7,44,75
3,67,22,2.8,12.714297327994323,0.0,7,44,75
1,68,1,4.2,7.924888979560556,0.0,7,44,75
1,68,2,3.4,9.69099881263989,0.0,7,44,75
1,68,3,3.0,10.65657177949265,0.0,7,44,75
1,68,4,3.0,10.58650581027807,0.0,7,44,75
1,68,5,3.0,11.990018106415457,0.0,7,44,75
1,68,6,2.8,11.53312451926311,0.0,7,44,75
1,68,7,2.8,11.174200635298833,0.0,7,44,75
1,68,8,2.8,10.926833509447805,0.0,7,44,75
1,68,9,2.8,12.096965221262094,0.0,7,44,75
1,68,10,2.8,11.25965411590067,0.0,7,44,75
1,68,11,2.8,16.366537594533423,0.0,7,44,75
1,68,12,2.8,14.131522193776863,0.0,7,44,75
1,68,13,2.8,11.693562980774365,0.0,7,44,75
1,68,14,2.8,11.407222979951811,0.0,7,44,75
1,68,15,3.0,14.325974946987474,0.0,7,44,75
1,68,16,2.8,10.622287334533072,0.0,7,44,75
1,68,17,3.0,7.903075557405123,0.0,7,44,75
1,68,18,3.0,9.59323985093672,0.0,7,44,75
1,68,19,2.8,14.056827843320919,0.0,7,44,75
1,68,20,2.8,10.218768118331631,0.0,7,44,75
1,68,21,3.2,9.185503647973006,0.0,7,44,75
2,68,1,3.6,12.086092721835046,0.0,7,44,75
2,68,2,3.0,11.613262378705228,0.0,7,44,75
2,68,3,3.6,8.119208676095063,0.0,7,44,75
2,68,4,3.2,9.74090492526598,0.0,7,44,75
2,68,5,2.8,12.486720447560998,0.0,7,44,75
2,68,6,2.8,11.31539971177839,0.0,7,44,75
2,68,7,3.0,12.102773365805243,0.0,7,44,75
2,68,8,2.8,15.120836313809722,0.0,7,44,75
2,68,9,2.8,13.78997971285555,0.0,7,44,75
2,68,10,2.8,9.400246326447979,0.0,7,44,75
2,68,11,2.8,12.935308667106197,0.0,7,44,75
2,68,12,2.8,11.632918584364155,0.0,7,44,75
2,68,13,2.8,11.987427013545936,0.0,7,44,75
2,68,14,2.8,10.231655518799206,0.0,7,44,75
2,68,15,3.0,10.133671026343784,0.0,7,44,75
2,68,16,2.8,10.999215167798582,0.0,7,44,75
2,68,17,2.8,10.580344177134545,0.0,7,44,75
2,68,18,3.0,12.158029899399803,0.0,7,44,75
2,68,19,2.8,11.357850584830134,0.0,7,44,75
2,68,20,2.8,7.789998988167349,0.0,7,44,75
2,68,21,2.8,10.47455302754951,0.0,7,44,75
3,68,1,2.8,9.12490564641409,0.0,7,44,75
3,68,2,2.8,12.0265159979601,0.0,7,44,75
3,68,3,2.8,12.410681135307312,0.0,7,44,75
3,68,4,2.8,9.68421445870635,0.0,7,44,75
3,68,5,2.8,9.688577407027703,0.0,7,44,75
3,68,6,2.8,9.72766522981814,0.0,7,44,75
3,68,7,2.8,10.764523602776471,0.0,7,44,75
3,68,8,2.8,11.242234460329833,0.0,7,44,75
3,68,9,2.8,12.870651074429242,0.0,7,44,75
3,68,10,2.8,11.592865000426553,0.0,7,44,75
3,68,11,2.8,12.182991015298327,0.0,7,44,75
3,68,12,3.0,13.198922363244607,0.0,7,44,75
3,68,13,2.8,11.609729305835586,0.0,7,44,75
3,68,14,2.8,9.388031943015989,0.0,7,44,75
3,68,15,2.8,12.706400830915356,0.0,7,44,75
3,68,16,2.8,10.95215497902281,0.0,7,44,75
3,68,17,2.8,14.326532476047538,0.0,7,44,75
3,68,18,2.8,10.545544535617866,0.0,7,44,75
3,68,19,2.8,12.68670382619889,0.0,7,44,75
3,68,20,2.8,11.107899548814487,0.0,7,44,75
3,68,21,2.8,10.354859636304944,0.0,7,44,75
3,68,22,3.0,9.491272210030747,0.0,7,44,75
1,69,1,4.2,8.60378433049318,0.0,7,44,75
1,69,2,3.4,10.130893732253588,0.0,7,44,75
1,69,3,3.0,10.637759710078418,0.0,7,44,75
1,69,4,3.0,9.516516362342397,0.0,7,44,75
1,69,5,3.0,10.00026103309439,0.0,7,44,75
1,69,6,2.8,10.507506362511142,0.0,7,44,75
1,69,7,2.8,11.091928569496424,0.0,7,44,75
1,69,8,2.8,12.541449674826575,0.0,7,44,75
1,69,9,2.8,14.140833036658137,0.0,7,44,75
1,69,10,2.8,10.513185014702902,0.0,7,44,75
1,69,11,2.8,13.355795541365923,0.0,7,44,75
1,69,12,2.8,12.187962635379112,0.0,7,44,75
1,69,13,2.8,13.685296410044025,0.0,7,44,75
1,69,14,2.8,12.706056055402284,0.0,7,44,75
1,69,15,2.8,14.577544264386296,0.0,7,44,75
1,69,16,2.8,14.609512741030457,0.0,7,44,75
1,69,17,3.0,8.743635586239055,0.0,7,44,75
1,69,18,2.8,11.779960343065861,0.0,7,44,75
1,69,19,3.0,10.129934830361698,0.0,7,44,75
1,69,20,2.8,9.263781827396352,0.0,7,44,75
1,69,21,2.8,11.794375529247443,0.0,7,44,75
2,69,1,2.8,13.31622287229641,0.0,7,44,75
2,69,2,2.8,11.188572827024903,0.0,7,44,75
2,69,3,3.8,8.477782129975342,0.125,7,44,75
2,69,4,2.8,12.627949540014377,0.0,7,44,75
2,69,5,2.8,10.541081673910732,0.0,7,44,75
2,69,6,2.8,10.68704162354906,0.0,7,44,75
2,69,7,3.0,10.879486254947079,0.0,7,44,75
2,69,8,2.8,13.702654809168855,0.0,7,44,75
2,69,9,2.8,10.801714652152238,0.0,7,44,75
2,69,10,2.8,11.447059287943096,0.0,7,44,75
2,69,11,2.8,11.219098407531723,0.0,7,44,75
2,69,12,2.8,12.183493050757031,0.0,7,44,75
2,69,13,2.8,11.093882404780494,0.0,7,44,75
2,69,14,2.8,10.364257443840959,0.0,7,44,75
2,69,15,2.8,10.432777362511137,0.0,7,44,75
2,69,16,3.0,10.758840361026579,0.0,7,44,75
2,69,17,2.8,11.316542493621602,0.0,7,44,75
2,69,18,2.8,12.726375030442508,0.0,7,44,75
2,69,19,3.2,10.054247506577267,0.0,7,44,75
2,69,20,2.8,9.80240941576883,0.0,7,44,75
2,69,21,3.0,9.265391840618342,0.0,7,44,75
3,69,1,2.8,10.10483299706949,0.0,7,44,75
3,69,2,2.8,13.604889838772928,0.0,7,44,75
3,69,3,2.8,11.003959547852949,0.0,7,44,75
3,69,4,2.8,10.269602052537897,0.0,7,44,75
3,69,5,2.8,10.171980923305176,0.0,7,44,75
3,69,6,2.8,10.96600044754103,0.0,7,44,75
3,69,7,2.8,9.861947474202985,0.0,7,44,75
3,69,8,2.8,10.921046054687281,0.0,7,44,75
3,69,9,2.8,12.63141966959122,0.0,7,44,75
3,69,10,2.8,10.852340086521938,0.0,7,44,75
3,69,11,2.8,11.829534621150758,0.0,7,44,75
3,69,12,3.0,12.83873613796253,0.0,7,44,75
3,69,13,2.8,11.500576548473287,0.0,7,44,75
3,69,14,2.8,9.937144887210758,0.0,7,44,75
3,69,15,2.8,12.549963903149736,0.0,7,44,75
3,69,16,2.8,11.684473059242755,0.0,7,44,75
3,69,17,2.8,11.76384168447956,0.0,7,44,75
3,69,18,2.8,9.616967019463754,0.0,7,44,75
3,69,19,2.8,12.061237847620049,0.0,7,44,75
3,69,20,2.8,11.209692722750452,0.0,7,44,75
3,69,21,2.8,8.842771836270083,0.0,7,44,75
3,69,22,2.8,11.671035738748406,0.0,7,44,75
1,70,1,4.4,8.403544411756242,0.0,7,44,75
1,70,2,3.4,11.282708811227963,0.0,7,44,75
1,70,3,3.2,8.209045747814075,0.0,7,44,75
1,70,4,3.0,12.493770372871925,0.0,7,44,75
1,70,5,3.0,11.126201261122876,0.0,7,44,75
1,70,6,2.8,9.709028786315418,0.0,7,44,75
1,70,7,2.8,12.393213150868771,0.0,7,44,75
1,70,8,2.8,10.048845045948234,0.0,7,44,75
1,70,9,2.8,14.311583550186807,0.0,7,44,75
1,70,10,2.8,12.441106995565475,0.0,7,44,75
1,70,11,2.8,14.224882385175842,0.0,7,44,75
1,70,12,2.8,16.479792669485004,0.0,7,44,75
1,70,13,2.8,13.12288811012989,0.0,7,44,75
1,70,14,2.8,10.563581220406272,0.0,7,44,75
1,70,15,2.8,12.677483757526735,0.0,7,44,75
1,70,16,2.8,12.571072495735246,0.0,7,44,75
1,70,17,3.0,7.965336621563809,0.0,7,44,75
1,70,18,2.8,9.22052564118058,0.0,7,44,75
1,70,19,3.0,12.154713932765318,0.0,7,44,75
1,70,20,2.8,9.617426824096725,0.0,7,44,75
1,70,21,3.0,9.655883702296286,0.0,7,44,75
2,70,1,3.2,13.136608433585462,0.0,7,44,75
2,70,2,3.0,9.48314083951255,0.0,7,44,75
2,70,3,3.8,8.49765582776026,0.125,7,44,75
2,70,4,2.8,10.927831008779314,0.0,7,44,75
2,70,5,2.8,13.465391583394801,0.0,7,44,75
2,70,6,2.8,10.167896555775211,0.0,7,44,75
2,70,7,3.0,12.72093497057508,0.0,7,44,75
2,70,8,2.8,12.84881851211673,0.0,7,44,75
2,70,9,2.8,13.760851207828264,0.0,7,44,75
2,70,10,2.8,13.42811076319663,0.0,7,44,75
2,70,11,2.8,12.47782367283533,0.0,7,44,75
2,70,12,2.8,14.911877521439987,0.0,7,44,75
2,70,13,2.8,11.99204376071856,0.0,7,44,75
2,70,14,2.8,12.624303863680867,0.0,7,44,75
2,70,15,3.0,9.599485123293535,0.0,7,44,75
2,70,16,2.8,11.33603519586109,0.0,7,44,75
2,70,17,2.8,11.243703712335614,0.0,7,44,75
2,70,18,2.8,11.996653198977818,0.0,7,44,75
2,70,19,3.0,11.777801318209226,0.0,7,44,75
2,70,20,2.8,8.066623737182539,0.0,7,44,75
2,70,21,3.0,8.987436001339974,0.0,7,44,75
3,70,1,2.8,9.876389713243816,0.0,7,44,75
3,70,2,2.8,11.314564120548884,0.0,7,44,75
3,70,3,2.8,10.733597743423317,0.0,7,44,75
3,70,4,2.8,9.745940889103188,0.0,7,44,75
3,70,5,2.8,9.179626304482701,0.0,7,44,75
3,70,6,2.8,9.997994729808081,0.0,7,44,75
3,70,7,2.8,10.139898455939193,0.0,7,44,75
3,70,8,2.8,12.305315170597297,0.0,7,44,75
3,70,9,2.8,13.645991403361402,0.0,7,44,75
3,70,10,2.8,12.316576513259445,0.0,7,44,75
3,70,11,2.8,11.87547256536023,0.0,7,44,75
3,70,12,3.6,9.134625354149689,0.125,5,44,75
3,70,13,2.8,9.845345200780203,0.0,7,44,75
3,70,14,2.8,10.28605663744529,0.0,7,44,75
3,70,15,2.8,12.519064720926954,0.0,7,44,75
3,70,16,2.8,10.424357508861688,0.0,7,44,75
3,70,17,2.8,14.580260830362977,0.0,7,44,75
3,70,18,2.8,12.483841823685207,0.0,7,44,75
3,70,19,2.8,10.97975497245802,0.0,7,44,75
3,70,20,2.8,11.941130478979835,0.0,7,44,75
3,70,21,2.8,8.318681364332559,0.0,7,44,75
3,70,22,2.8,10.606063477960866,0.0,7,44,75
1,71,1,4.2,9.293793324144492,0.0,7,44,75
1,71,2,3.2,10.328637142109907,0.0,7,44,75
1,71,3,3.0,11.215083517686425,0.0,7,44,75
1,71,4,3.2,9.119755324695966,0.0,7,44,75
1,71,5,3.0,11.024827267439248,0.0,7,44,75
1,71,6,2.8,10.926665434270792,0.0,7,44,75
1,71,7,2.8,11.29992286543978,0.0,7,44,75
1,71,8,2.8,9.055038231232974,0.0,7,44,75
1,71,9,2.8,11.239574496913784,0.0,7,44,75
1,71,10,2.8,10.932806314123168,0.0,7,44,75
1,71,11,2.8,15.171574873358574,0.0,7,44,75
1,71,12,2.8,12.891980020829493,0.0,7,44,75
1,71,13,2.8,11.64835549513323,0.0,7,44,75
1,71,14,2.8,14.27075157323384,0.0,7,44,75
1,71,15,2.8,16.95669815064778,0.0,7,44,75
1,71,16,2.8,13.406877365813873,0.0,7,44,75
1,71,17,2.8,8.81449365255479,0.0,7,44,75
1,71,18,2.8,10.071171764815405,0.0,7,44,75
1,71,19,3.2,10.290024836017054,0.0,7,44,75
1,71,20,2.8,9.758855735235631,0.0,7,44,75
1,71,21,2.8,10.302243167419771,0.0,7,44,75
2,71,1,2.8,16.74279490743449,0.0,7,44,75
2,71,2,2.8,9.328478365454215,0.0,7,44,75
2,71,3,3.2,10.510166351531883,0.0,7,44,75
2,71,4,3.2,9.29708949302352,0.0,7,44,75
2,71,5,2.8,11.39548488911766,0.0,7,44,75
2,71,6,2.8,9.231744162484517,0.0,7,44,75
2,71,7,3.0,13.78169325569459,0.0,7,44,75
2,71,8,2.8,11.303595393459993,0.0,7,44,75
2,71,9,2.8,11.996888172649738,0.0,7,44,75
2,71,10,2.8,15.603410438319639,0.0,7,44,75
2,71,11,2.8,10.577768064639965,0.0,7,44,75
2,71,12,2.8,12.384746947628251,0.0,7,44,75
2,71,13,2.8,13.221434020874762,0.0,7,44,75
2,71,14,2.8,11.171481334392423,0.0,7,44,75
2,71,15,2.8,9.492096538451754,0.0,7,44,75
2,71,16,3.0,10.524597519434224,0.0,7,44,75
2,71,17,2.8,11.656322669904426,0.0,7,44,75
2,71,18,2.8,10.402529536799573,0.0,7,44,75
2,71,19,3.0,10.174181325075093,0.0,7,44,75
2,71,20,2.8,8.949717799911873,0.0,7,44,75
2,71,21,3.0,9.078396618256475,0.0,7,44,75
2,71,22,2.0,17.22245244144352,0.0,4,44,75
3,71,1,2.8,9.537560230460603,0.0,7,44,75
3,71,2,2.8,12.026515997959992,0.0,7,44,75
3,71,3,2.8,9.634557841048085,0.0,7,44,75
3,71,4,2.8,9.903755305843108,0.0,7,44,75
3,71,5,2.8,9.734840333423795,0.0,7,44,75
3,71,6,2.8,10.735030337423082,0.0,7,44,75
3,71,7,2.8,10.156737243705141,0.0,7,44,75
3,71,8,2.8,11.716016159574203,0.0,7,44,75
3,71,9,2.8,13.957401482159028,0.0,7,44,75
3,71,10,2.8,11.441062758223763,0.0,7,44,75
3,71,11,2.8,11.92176868454428,0.0,7,44,75
3,71,12,3.0,12.497685996153063,0.0,7,44,75
3,71,13,2.8,9.680320970940077,0.0,7,44,75
3,71,14,2.8,10.236515577531721,0.0,7,44,75
3,71,15,2.8,12.839775385482795,0.0,7,44,75
3,71,16,2.8,10.0686857137204,0.0,7,44,75
3,71,17,2.8,18.207679343575276,0.0,7,44,75
3,71,18,2.8,11.181778477495032,0.0,7,44,75
3,71,19,2.8,13.46898848645056,0.0,7,44,75
3,71,20,2.8,11.48329943647532,0.0,7,44,75
3,71,21,2.8,9.443528196238294,0.0,7,44,75
3,71,22,2.8,10.635944489469743,0.0,7,44,75
1,72,1,4.2,8.62842314614897,0.0,7,44,75
1,72,2,3.4,9.64446839280074,0.0,7,44,75
1,72,3,3.0,11.73577029855603,0.0,7,44,75
1,72,4,3.0,9.747418390385448,0.0,7,44,75
1,72,5,3.0,9.95072103062001,0.0,7,44,75
1,72,6,2.8,9.633977028448493,0.0,7,44,75
1,72,7,2.8,11.091928569496424,0.0,7,44,75
1,72,8,2.8,11.006665872002362,0.0,7,44,75
1,72,9,2.8,13.50691928003765,0.0,7,44,75
1,72,10,2.8,11.999554030235057,0.0,7,44,75
1,72,11,2.8,13.505459773536876,0.0,7,44,75
1,72,12,2.8,15.474186276769501,0.0,7,44,75
1,72,13,2.8,11.131921440428002,0.0,7,44,75
1,72,14,2.8,12.094040703041305,0.0,7,44,75
1,72,15,3.0,13.313172792872171,0.0,7,44,75
1,72,16,2.8,11.132502146521944,0.0,7,44,75
1,72,17,3.0,7.613509336326011,0.0,7,44,75
1,72,18,3.0,8.76955036383778,0.0,7,44,75
1,72,19,2.8,15.267731645543014,0.0,7,44,75
1,72,20,2.8,9.708407542119184,0.0,7,44,75
1,72,21,3.2,9.007020845658818,0.0,7,44,75
2,72,1,3.2,13.42495792396012,0.0,7,44,75
2,72,2,3.0,10.093494207953494,0.0,7,44,75
2,72,3,3.8,8.32417378207976,0.125,7,44,75
2,72,4,2.8,10.811923602106324,0.0,7,44,75
2,72,5,2.8,12.84331780204489,0.0,7,44,75
2,72,6,2.8,10.627251533700338,0.0,7,44,75
2,72,7,3.0,11.288695535200178,0.0,7,44,75
2,72,8,2.8,14.844715100479704,0.0,7,44,75
2,72,9,2.8,13.668591237689146,0.0,7,44,75
2,72,10,2.8,10.758893293484565,0.0,7,44,75
2,72,11,2.8,13.148443187581096,0.0,7,44,75
2,72,12,2.8,15.322825519784303,0.0,7,44,75
2,72,13,2.8,12.610169962674762,0.0,7,44,75
2,72,14,2.8,11.274541477338259,0.0,7,44,75
2,72,15,3.0,8.68606834493819,0.0,7,44,75
2,72,16,2.8,10.374588786767873,0.0,7,44,75
2,72,17,2.8,12.406937958128339,0.0,7,44,75
2,72,18,2.8,11.631611094042952,0.0,7,44,75
2,72,19,3.0,10.594499180448192,0.0,7,44,75
2,72,20,2.8,8.734807856552411,0.0,7,44,75
2,72,21,3.0,10.034337613710212,0.0,7,44,75
3,72,1,2.8,9.797285974986039,0.0,7,44,75
3,72,2,2.8,11.252116441705686,0.0,7,44,75
3,72,3,2.8,9.297691397411148,0.0,7,44,75
3,72,4,2.8,9.903755305843184,0.0,7,44,75
3,72,5,2.8,9.972944218520151,0.0,7,44,75
3,72,6,2.8,9.66616935169979,0.0,7,44,75
3,72,7,2.8,10.745611103117529,0.0,7,44,75
3,72,8,2.8,10.436520894890823,0.0,7,44,75
3,72,9,2.8,11.601163622775458,0.0,7,44,75
3,72,10,2.8,11.839723464495329,0.0,7,44,75
3,72,11,2.8,12.506859391266227,0.0,7,44,75
3,72,12,3.0,13.951630203107898,0.0,7,44,75
3,72,13,2.8,11.246799231477784,0.0,7,44,75
3,72,14,2.8,9.475297256353118,0.0,7,44,75
3,72,15,2.8,12.447795194970158,0.0,7,44,75
3,72,16,2.8,10.035643358198215,0.0,7,44,75
3,72,17,2.8,16.66932200946563,0.0,7,44,75
3,72,18,2.8,10.981018786425981,0.0,7,44,75
3,72,19,2.8,13.29334042595502,0.0,7,44,75
3,72,20,2.8,11.027786495468197,0.0,7,44,75
3,72,21,2.8,9.052175545149483,0.0,7,44,75
3,72,22,3.0,8.573271347183123,0.0,7,44,75
1,73,1,4.2,8.295826394361317,0.0,7,44,75
1,73,2,3.4,9.963390271630946,0.0,7,44,75
1,73,3,3.0,10.240069726586313,0.0,7,44,75
1,73,4,3.0,10.05648956153281,0.0,7,44,75
1,73,5,3.0,11.990018106415436,0.0,7,44,75
1,73,6,2.8,10.637343752774262,0.0,7,44,75
1,73,7,2.8,11.740224985073445,0.0,7,44,75
1,73,8,2.8,10.90705603863591,0.0,7,44,75
1,73,9,2.8,13.476712172655432,0.0,7,44,75
1,73,10,2.8,12.575507423688556,0.0,7,44,75
1,73,11,2.8,16.366537594533423,0.0,7,44,75
1,73,12,2.8,17.098774957586436,0.0,7,44,75
1,73,13,2.8,14.068701933137199,0.0,7,44,75
1,73,14,2.8,12.367063932175457,0.0,7,44,75
1,73,15,2.8,14.334803324326511,0.0,7,44,75
1,73,16,2.8,12.946034097520036,0.0,7,44,75
1,73,17,3.0,7.927000278376114,0.0,7,44,75
1,73,18,2.8,12.2592598205048,0.0,7,44,75
1,73,19,3.0,10.39197315157893,0.0,7,44,75
1,73,20,2.8,9.790566418036253,0.0,7,44,75
1,73,21,3.4,9.270028498344923,0.0,7,44,75
2,73,1,3.0,12.710322019151338,0.0,7,44,75
2,73,2,3.0,9.56851258488772,0.0,7,44,75
2,73,3,3.2,10.057627777428195,0.0,7,44,75
2,73,4,3.4,8.27640736870708,0.0,7,44,75
2,73,5,2.8,11.441916027650048,0.0,7,44,75
2,73,6,2.8,10.182880589329221,0.0,7,44,75
2,73,7,3.0,11.665377131889517,0.0,7,44,75
2,73,8,2.8,12.562810449774679,0.0,7,44,75
2,73,9,2.8,12.045871090282656,0.0,7,44,75
2,73,10,2.8,11.773381010724584,0.0,7,44,75
2,73,11,2.8,10.151830476762644,0.0,7,44,75
2,73,12,2.8,12.784309069169781,0.0,7,44,75
2,73,13,2.8,10.243584677941252,0.0,7,44,75
2,73,14,2.8,10.652959168922193,0.0,7,44,75
2,73,15,3.0,8.622931220741034,0.0,7,44,75
2,73,16,2.8,13.447632524869777,0.0,7,44,75
2,73,17,2.8,12.208916617293376,0.0,7,44,75
2,73,18,2.8,11.521066503902857,0.0,7,44,75
2,73,19,3.0,10.441900515639292,0.0,7,44,75
2,73,20,2.8,8.804967110814298,0.0,7,44,75
2,73,21,2.8,9.175148388413005,0.0,7,44,75
3,73,1,2.8,9.719439311817016,0.0,7,44,75
3,73,2,2.8,12.194365509440644,0.0,7,44,75
3,73,3,2.8,11.351144224002374,0.0,7,44,75
3,73,4,2.8,9.40137981890697,0.0,7,44,75
3,73,5,2.8,9.36229909596214,0.0,7,44,75
3,73,6,2.8,11.523870964873787,0.0,7,44,75
3,73,7,2.8,10.652036761579254,0.0,7,44,75
3,73,8,2.8,11.099419421889726,0.0,7,44,75
3,73,9,2.8,12.631419669591102,0.0,7,44,75
3,73,10,2.8,11.570932802830526,0.0,7,44,75
3,73,11,2.8,12.355267948606274,0.0,7,44,75
3,73,12,3.0,12.150101380350652,0.0,7,44,75
3,73,13,2.8,11.97337777326911,0.0,7,44,75
3,73,14,2.8,9.594206299128272,0.0,7,44,75
3,73,15,2.8,12.62769788494992,0.0,7,44,75
3,73,16,2.8,11.071105076908923,0.0,7,44,75
3,73,17,2.8,16.9464438556634,0.0,7,44,75
3,73,18,2.8,12.159958168102436,0.0,7,44,75
3,73,19,2.8,14.154766192610316,0.0,7,44,75
3,73,20,2.8,10.813318240032928,0.0,7,44,75
3,73,21,2.8,9.561636242629588,0.0,7,44,75
3,73,22,3.0,9.275363760374265,0.0,7,44,75
1,74,1,4.2,8.579285828460382,0.0,7,44,75
1,74,2,3.2,10.733372150034016,0.0,7,44,75
1,74,3,3.0,10.295366071391076,0.0,7,44,75
1,74,4,3.2,8.080315583710565,0.0,7,44,75
1,74,5,3.0,10.050296776801677,0.0,7,44,75
1,74,6,2.8,11.128451543526145,0.0,7,44,75
1,74,7,2.8,12.069425055606425,0.0,7,44,75
1,74,8,2.8,12.016272682613925,0.0,7,44,75
1,74,9,2.8,15.727850494546583,0.0,7,44,75
1,74,10,2.8,11.05312606102535,0.0,7,44,75
1,74,11,2.8,15.36499514024804,0.0,7,44,75
1,74,12,2.8,12.891980020829523,0.0,7,44,75
1,74,13,2.8,12.89462579682816,0.0,7,44,75
1,74,14,2.8,12.732903756577684,0.0,7,44,75
1,74,15,2.8,12.213829395386924,0.0,7,44,75
1,74,16,2.8,14.574179073776879,0.0,7,44,75
1,74,17,3.0,8.344100962669664,0.0,7,44,75
1,74,18,2.8,11.531984460853813,0.0,7,44,75
1,74,19,2.8,9.981055197380321,0.0,7,44,75
1,74,20,2.8,11.794582176542924,0.0,7,44,75
1,74,21,3.0,9.75671176673371,0.0,7,44,75
2,74,1,2.8,17.86778724917406,0.0,7,44,75
2,74,2,2.8,9.870445649242729,0.0,7,44,75
2,74,3,3.0,12.054586797978677,0.0,7,44,75
2,74,4,2.8,12.51579372009142,0.0,7,44,75
2,74,5,3.2,8.676292802601148,0.0,7,44,75
2,74,6,2.8,10.907091070829681,0.0,7,44,75
2,74,7,3.0,10.924467921999344,0.0,7,44,75
2,74,8,2.8,11.991249176128347,0.0,7,44,75
2,74,9,2.8,13.223156990654447,0.0,7,44,75
2,74,10,2.8,14.72697627880715,0.0,7,44,75
2,74,11,2.8,9.171734965754082,0.0,7,44,75
2,74,12,2.8,13.611767201191459,0.0,7,44,75
2,74,13,2.8,11.102375042639121,0.0,7,44,75
2,74,14,2.8,11.708019183729064,0.0,7,44,75
2,74,15,2.8,9.879478163831756,0.0,7,44,75
2,74,16,3.0,10.152381921192926,0.0,7,44,75
2,74,17,2.8,10.004638573515262,0.0,7,44,75
2,74,18,2.8,11.853360924405997,0.0,7,44,75
2,74,19,3.0,9.818602872710917,0.0,7,44,75
2,74,20,2.8,9.714350231445295,0.0,7,44,75
2,74,21,2.8,8.736146765084284,0.0,7,44,75
2,74,22,2.5,12.024824711935471,0.0,4,44,75
3,74,1,2.8,9.391114262726804,0.0,7,44,75
3,74,2,2.8,9.903802818517855,0.0,7,44,75
3,74,3,2.8,9.604299127376951,0.0,7,44,75
3,74,4,2.8,9.23110534317815,0.0,7,44,75
3,74,5,2.8,9.56733239989489,0.0,7,44,75
3,74,6,2.8,9.228611945580562,0.0,7,44,75
3,74,7,2.8,9.893854122373982,0.0,7,44,75
3,74,8,2.8,10.159152975034207,0.0,7,44,75
3,74,9,2.8,13.147320238643772,0.0,7,44,75
3,74,10,2.8,10.969120348946424,0.0,7,44,75
3,74,11,2.8,12.062848477641573,0.0,7,44,75
3,74,12,3.0,14.145231953832692,0.0,7,44,75
3,74,13,2.8,11.414721090607587,0.0,7,44,75
3,74,14,2.8,9.872980670038578,0.0,7,44,75
3,74,15,2.8,13.228571034198824,0.0,7,44,75
3,74,16,2.8,10.87426484019179,0.0,7,44,75
3,74,17,2.8,13.808990014825586,0.0,7,44,75
3,74,18,2.8,10.296985169316391,0.0,7,44,75
3,74,19,2.8,13.038293329674728,0.0,7,44,75
3,74,20,2.8,12.415742627975296,0.0,7,44,75
3,74,21,2.8,9.10608533946407,0.0,7,44,75
3,74,22,3.0,9.303582274967347,0.0,7,44,75
1,75,1,4.2,8.895914794122332,0.0,7,44,75
1,75,2,3.4,9.769555330332715,0.0,7,44,75
1,75,3,3.0,10.5446869159757,0.0,7,44,75
1,75,4,3.0,9.031574934117032,0.0,7,44,75
1,75,5,2.8,12.290500847585971,0.0,7,44,75
1,75,6,2.8,10.722864146121694,0.0,7,44,75
1,75,7,3.0,10.663913077431136,0.0,7,44,75
1,75,8,2.8,11.006665872002339,0.0,7,44,75
1,75,9,2.8,11.652519476574575,0.0,7,44,75
1,75,10,2.8,11.430517822626994,0.0,7,44,75
1,75,11,2.8,14.172487091066763,0.0,7,44,75
1,75,12,2.8,16.812542730360295,0.0,7,44,75
1,75,13,2.8,11.298901739099824,0.0,7,44,75
1,75,14,2.8,13.564062786745112,0.0,7,44,75
1,75,15,2.8,14.612894270461315,0.0,7,44,75
1,75,16,2.8,15.237524765646238,0.0,7,44,75
1,75,17,3.0,8.252682574398827,0.0,7,44,75
1,75,18,3.0,10.188829003929648,0.0,7,44,75
1,75,19,3.2,11.546687805751212,0.0,7,44,75
1,75,20,2.8,11.126881837888797,0.0,7,44,75
1,75,21,3.0,10.370422498710674,0.0,7,44,75
2,75,1,3.4,12.662352757370133,0.0,7,44,75
2,75,2,3.2,10.319438842255815,0.0,7,44,75
2,75,3,4.6,6.616685655154735,0.125,7,44,75
2,75,4,2.8,9.67860842868404,0.0,7,44,75
2,75,5,2.8,13.827885043755579,0.0,7,44,75
2,75,6,2.8,11.31034263199982,0.0,7,44,75
2,75,7,3.0,12.060773102633451,0.0,7,44,75
2,75,8,2.8,13.37578876922654,0.0,7,44,75
2,75,9,2.8,15.531275669905218,0.0,7,44,75
2,75,10,2.8,10.169905925645157,0.0,7,44,75
2,75,11,2.8,18.688523244694487,0.0,7,44,75
2,75,12,2.8,12.101694054404875,0.0,7,44,75
2,75,13,2.8,11.441776006053699,0.0,7,44,75
2,75,14,2.8,11.391484080992202,0.0,7,44,75
2,75,15,3.0,9.97837942021354,0.0,7,44,75
2,75,16,2.8,10.928778589410115,0.0,7,44,75
2,75,17,2.8,11.65365210151407,0.0,7,44,75
2,75,18,3.0,11.607257200607021,0.0,7,44,75
2,75,19,2.8,8.776855339241491,0.0,7,44,75
2,75,20,2.8,8.338401906572027,0.0,7,44,75
2,75,21,2.6,12.563578281750587,0.0,6,44,75
3,75,1,2.8,9.876389713243816,0.0,7,44,75
3,75,2,2.8,12.243186509278127,0.0,7,44,75
3,75,3,2.8,9.559265755295762,0.0,7,44,75
3,75,4,2.8,9.301297770244345,0.0,7,44,75
3,75,5,2.8,10.104758453485355,0.0,7,44,75
3,75,6,2.8,10.753905577971013,0.0,7,44,75
3,75,7,2.8,10.541876532001682,0.0,7,44,75
3,75,8,2.8,10.058903434866622,0.0,7,44,75
3,75,9,2.8,13.831147301173628,0.0,7,44,75
3,75,10,2.8,11.636979773914417,0.0,7,44,75
3,75,11,2.8,11.242431134223665,0.0,7,44,75
3,75,12,3.0,14.867311090705915,0.0,7,44,75
3,75,13,2.8,12.53791534978136,0.0,7,44,75
3,75,14,2.8,9.46064055004554,0.0,7,44,75
3,75,15,2.8,13.672142677394096,0.0,7,44,75
3,75,16,2.8,9.841855549553046,0.0,7,44,75
3,75,17,2.8,13.808990014825586,0.0,7,44,75
3,75,18,2.8,10.922189093654247,0.0,7,44,75
3,75,19,2.8,13.558564752670977,0.0,7,44,75
3,75,20,2.8,11.908100689076152,0.0,7,44,75
3,75,21,2.8,8.741661537503182,0.0,7,44,75
3,75,22,2.8,11.452494949162057,0.0,7,44,75
1,76,1,4.4,8.757721539535194,0.0,7,44,75
1,76,2,3.6,10.390425502866169,0.0,7,44,75
1,76,3,3.2,10.025874309306689,0.0,7,44,75
1,76,4,3.2,10.46573337263817,0.0,7,44,75
1,76,5,3.0,11.19217118146501,0.0,7,44,75
1,76,6,2.8,9.398807626589162,0.0,7,44,75
1,76,7,2.8,13.438692298793223,0.0,7,44,75
1,76,8,2.8,10.684465221098339,0.0,7,44,75
1,76,9,2.8,13.507164114076039,0.0,7,44,75
1,76,10,2.8,12.868981488098349,0.0,7,44,75
1,76,11,2.8,14.717548952818579,0.0,7,44,75
1,76,12,2.8,12.879359101549163,0.0,7,44,75
1,76,13,2.8,14.034890740997147,0.0,7,44,75
1,76,14,2.8,14.455800721141276,0.0,7,44,75
1,76,15,2.8,11.365646842192795,0.0,7,44,75
1,76,16,2.8,15.61849759189491,0.0,7,44,75
1,76,17,3.0,8.632615602576506,0.0,7,44,75
1,76,18,2.8,9.59338840941088,0.0,7,44,75
1,76,19,2.8,13.629613270396263,0.0,7,44,75
1,76,20,2.8,10.661374416509654,0.0,7,44,75
1,76,21,3.2,7.922994980504255,0.0,7,44,75
2,76,1,3.0,14.053802056445702,0.0,7,44,75
2,76,2,3.2,9.718434483257875,0.0,7,44,75
2,76,3,3.8,8.450690826137679,0.125,7,44,75
2,76,4,3.0,10.701424019577678,0.0,7,44,75
2,76,5,2.8,13.142027034711523,0.0,7,44,75
2,76,6,2.8,8.85814648866595,0.0,7,44,75
2,76,7,3.0,12.121512705929968,0.0,7,44,75
2,76,8,2.8,10.245573785150485,0.0,7,44,75
2,76,9,2.8,16.56964031003758,0.0,7,44,75
2,76,10,2.8,10.223976160186144,0.0,7,44,75
2,76,11,2.8,11.249006722961939,0.0,7,44,75
2,76,12,2.8,13.060595885135209,0.0,7,44,75
2,76,13,2.8,11.127082624318172,0.0,7,44,75
2,76,14,2.8,11.647450251206445,0.0,7,44,75
2,76,15,3.0,9.342422093588567,0.0,7,44,75
2,76,16,2.8,9.65966290992233,0.0,7,44,75
2,76,17,2.8,12.432672622799869,0.0,7,44,75
2,76,18,2.8,12.229663775472101,0.0,7,44,75
2,76,19,3.0,11.745039679702753,0.0,7,44,75
2,76,20,2.8,8.987964415494465,0.0,7,44,75
2,76,21,2.8,10.857159022273965,0.0,7,44,75
3,76,1,2.8,8.886265679002657,0.0,7,44,75
3,76,2,2.8,12.366966559980945,0.0,7,44,75
3,76,3,2.8,11.500554149390036,0.0,7,44,75
3,76,4,2.8,9.792754581632598,0.0,7,44,75
3,76,5,2.8,8.93815345151222,0.0,7,44,75
3,76,6,2.8,11.310756446175183,0.0,7,44,75
3,76,7,2.8,9.925967897700957,0.0,7,44,75
3,76,8,2.8,10.921046054687372,0.0,7,44,75
3,76,9,2.8,13.495439884044963,0.0,7,44,75
3,76,10,2.8,10.79487747401706,0.0,7,44,75
3,76,11,2.8,11.806698668234544,0.0,7,44,75
3,76,12,3.0,13.03020339168113,0.0,7,44,75
3,76,13,2.8,11.164677496443542,0.0,7,44,75
3,76,14,2.8,10.375437750494491,0.0,7,44,75
3,76,15,2.8,14.31201042688602,0.0,7,44,75
3,76,16,2.8,10.893633325520092,0.0,7,44,75
3,76,17,2.8,15.293792041578678,0.0,7,44,75
3,76,18,2.8,9.556858466597175,0.0,7,44,75
3,76,19,2.8,12.955438634544162,0.0,7,44,75
3,76,20,2.8,10.44401799835971,0.0,7,44,75
3,76,21,2.8,9.328302356278398,0.0,7,44,75
3,76,22,3.0,8.936547888759922,0.0,7,44,75
1,77,1,4.4,8.001824900169545,0.0,7,44,75
1,77,2,3.6,10.01068350856371,0.0,7,44,75
1,77,3,3.2,8.198146186586555,0.0,7,44,75
1,77,4,3.0,11.827262133260211,0.0,7,44,75
1,77,5,3.0,9.257817068363407,0.0,7,44,75
1,77,6,2.8,9.243747472426216,0.0,7,44,75
1,77,7,3.0,13.71299412329901,0.0,7,44,75
1,77,8,2.8,10.026685061769493,0.0,7,44,75
1,77,9,2.8,14.308993862111508,0.0,7,44,75
1,77,10,2.8,13.78134150972996,0.0,7,44,75
1,77,11,2.8,15.839416395708035,0.0,7,44,75
1,77,12,2.8,13.7617435591199,0.0,7,44,75
1,77,13,2.8,14.06765494529784,0.0,7,44,75
1,77,14,2.8,11.658943832568129,0.0,7,44,75
1,77,15,2.8,11.517711140298687,0.0,7,44,75
1,77,16,2.8,14.085219129918286,0.0,7,44,75
1,77,17,3.0,8.276902094571147,0.0,7,44,75
1,77,18,2.8,10.125330114886046,0.0,7,44,75
1,77,19,3.0,12.711273100460641,0.0,7,44,75
1,77,20,2.8,9.096145238606441,0.0,7,44,75
1,77,21,3.0,10.311980399152013,0.0,7,44,75
2,77,1,2.8,14.24677767992902,0.0,7,44,75
2,77,2,2.8,11.861222342761662,0.0,7,44,75
2,77,3,3.2,9.74022209884726,0.0,7,44,75
2,77,4,3.2,9.710388785056407,0.0,7,44,75
2,77,5,3.0,9.957844357374832,0.0,7,44,75
2,77,6,2.8,11.555259361235146,0.0,7,44,75
2,77,7,3.0,11.036542208290829,0.0,7,44,75
2,77,8,2.8,13.431819628069578,0.0,7,44,75
2,77,9,2.8,11.711822498440277,0.0,7,44,75
2,77,10,2.8,13.088311642698086,0.0,7,44,75
2,77,11,2.8,10.93819648378344,0.0,7,44,75
2,77,12,2.8,11.368243290121157,0.0,7,44,75
2,77,13,2.8,12.4234169661163,0.0,7,44,75
2,77,14,2.8,10.074046318767925,0.0,7,44,75
2,77,15,2.8,10.897495526455648,0.0,7,44,75
2,77,16,3.0,11.529537879496221,0.0,7,44,75
2,77,17,2.8,11.706424815570172,0.0,7,44,75
2,77,18,2.8,14.105888769289015,0.0,7,44,75
2,77,19,3.0,11.221313247481298,0.0,7,44,75
2,77,20,2.8,8.902404274403674,0.0,7,44,75
2,77,21,2.8,8.327990866962077,0.0,7,44,75
2,77,22,2.0,20.90088386124498,0.0,4,44,75
3,77,1,2.8,8.990768763336442,0.0,7,44,75
3,77,2,2.8,11.659682046832277,0.0,7,44,75
3,77,3,2.8,10.548475747455873,0.0,7,44,75
3,77,4,2.8,8.547374298750773,0.0,7,44,75
3,77,5,2.8,9.56733239989489,0.0,7,44,75
3,77,6,2.8,10.73503033742317,0.0,7,44,75
3,77,7,2.8,10.106387828335158,0.0,7,44,75
3,77,8,2.8,10.227103551350945,0.0,7,44,75
3,77,9,2.8,13.232655495933349,0.0,7,44,75
3,77,10,2.8,13.664973877622902,0.0,7,44,75
3,77,11,2.8,13.560600138118248,0.0,7,44,75
3,77,12,3.0,12.030603467881651,0.0,7,44,75
3,77,13,2.8,10.458307393972278,0.0,7,44,75
3,77,14,2.8,10.854177740130243,0.0,7,44,75
3,77,15,2.8,12.031515997695674,0.0,7,44,75
3,77,16,2.8,10.647102882587742,0.0,7,44,75
3,77,17,2.8,14.39396579736148,0.0,7,44,75
3,77,18,2.8,10.349256492325905,0.0,7,44,75
3,77,19,2.8,12.279172603003119,0.0,7,44,75
3,77,20,2.8,11.504900371557861,0.0,7,44,75
3,77,21,2.8,9.88620299966335,0.0,7,44,75
3,77,22,2.8,10.192812496752664,0.0,7,44,75
1,78,1,4.2,9.574352785530978,0.0,7,44,75
1,78,2,3.4,10.357256356363814,0.0,7,44,75
1,78,3,3.0,10.399111250920424,0.0,7,44,75
1,78,4,3.0,9.669216048610974,0.0,7,44,75
1,78,5,3.0,12.384274995324239,0.0,7,44,75
1,78,6,2.8,10.380800292820457,0.0,7,44,75
1,78,7,2.8,9.715005373131124,0.0,7,44,75
1,78,8,2.8,9.711740883929819,0.0,7,44,75
1,78,9,2.8,12.31954332213506,0.0,7,44,75
1,78,10,2.8,12.31843822153449,0.0,7,44,75
1,78,11,2.8,14.409716445419889,0.0,7,44,75
1,78,12,2.8,12.864458020239802,0.0,7,44,75
1,78,13,2.8,13.906368989655007,0.0,7,44,75
1,78,14,2.8,12.59978796491099,0.0,7,44,75
1,78,15,2.8,14.828647807785963,0.0,7,44,75
1,78,16,2.8,11.295846484960773,0.0,7,44,75
1,78,17,3.0,8.655720742733944,0.0,7,44,75
1,78,18,2.8,12.359838497521858,0.0,7,44,75
1,78,19,3.0,9.929630712990527,0.0,7,44,75
1,78,20,2.8,8.765217043489704,0.0,7,44,75
1,78,21,3.0,9.12470422400368,0.0,7,44,75
2,78,1,2.8,18.35026651927684,0.0,7,44,75
2,78,2,2.8,8.972659993929405,0.0,7,44,75
2,78,3,3.8,8.609048381965179,0.125,7,44,75
2,78,4,2.8,13.70307049414084,0.0,7,44,75
2,78,5,2.8,9.34875885504366,0.0,7,44,75
2,78,6,2.8,10.935446649898706,0.0,7,44,75
2,78,7,3.0,10.541946673198966,0.0,7,44,75
2,78,8,2.8,13.611170953364661,0.0,7,44,75
2,78,9,2.8,11.035594432792951,0.0,7,44,75
2,78,10,2.8,12.249480987214005,0.0,7,44,75
2,78,11,2.8,11.758318655329228,0.0,7,44,75
2,78,12,2.8,15.328591962529023,0.0,7,44,75
2,78,13,2.8,13.004559115979868,0.0,7,44,75
2,78,14,2.8,9.959217682163867,0.0,7,44,75
2,78,15,2.8,9.348425289991829,0.0,7,44,75
2,78,16,3.0,9.857177114832043,0.0,7,44,75
2,78,17,2.8,10.536709247830311,0.0,7,44,75
2,78,18,2.8,12.51799670810112,0.0,7,44,75
2,78,19,3.0,10.0256900892061,0.0,7,44,75
2,78,20,2.8,9.977046853249135,0.0,7,44,75
2,78,21,2.8,8.35073229840129,0.0,7,44,75
2,78,22,2.0,15.33343678061104,0.0,4,44,75
3,78,1,2.8,9.017279717905526,0.0,7,44,75
3,78,2,2.8,11.726749002327649,0.0,7,44,75
3,78,3,2.8,10.548475747455958,0.0,7,44,75
3,78,4,2.8,9.668904829094004,0.0,7,44,75
3,78,5,2.8,9.463705355057497,0.0,7,44,75
3,78,6,2.8,9.821390313618705,0.0,7,44,75
3,78,7,2.8,9.751876723690192,0.0,7,44,75
3,78,8,2.8,9.83250885720954,0.0,7,44,75
3,78,9,2.8,15.094109737382395,0.0,7,44,75
3,78,10,2.8,11.862687470283053,0.0,7,44,75
3,78,11,2.8,12.08668704489666,0.0,7,44,75
3,78,12,3.0,12.346315501519994,0.0,7,44,75
3,78,13,2.8,10.079140355596309,0.0,7,44,75
3,78,14,2.8,9.747106395553429,0.0,7,44,75
3,78,15,2.8,12.549963903149616,0.0,7,44,75
3,78,16,2.8,10.893633325520092,0.0,7,44,75
3,78,17,2.8,12.484209804041988,0.0,7,44,75
3,78,18,2.8,10.787340899601515,0.0,7,44,75
3,78,19,2.8,12.686703826198768,0.0,7,44,75
3,78,20,2.8,12.001568809391538,0.0,7,44,75
3,78,21,2.8,8.93318166052544,0.0,7,44,75
3,78,22,2.8,12.038595712240795,0.0,7,44,75
1,79,1,4.2,8.909066791431133,0.0,7,44,75
1,79,2,3.4,10.165072556615437,0.0,7,44,75
1,79,3,3.0,9.649746077362872,0.0,7,44,75
1,79,4,3.0,9.923996878430298,0.0,7,44,75
1,79,5,3.0,11.990018106415443,0.0,7,44,75
1,79,6,2.8,11.107938170633156,0.0,7,44,75
1,79,7,2.8,11.949755279086325,0.0,7,44,75
1,79,8,2.8,11.067309893103674,0.0,7,44,75
1,79,9,2.8,14.207512472709253,0.0,7,44,75
1,79,10,2.8,11.323126020023885,0.0,7,44,75
1,79,11,2.8,13.910755789181032,0.0,7,44,75
1,79,12,2.8,14.032798054307174,0.0,7,44,75
1,79,13,2.8,13.11920794318421,0.0,7,44,75
1,79,14,2.8,11.364198303610394,0.0,7,44,75
1,79,15,2.8,13.872792092169409,0.0,7,44,75
1,79,16,2.8,10.907372958760083,0.0,7,44,75
1,79,17,3.0,7.655110437818415,0.0,7,44,75
1,79,18,2.8,11.598572885601044,0.0,7,44,75
1,79,19,3.0,9.388188839051365,0.0,7,44,75
1,79,20,2.8,9.437887631232673,0.0,7,44,75
1,79,21,2.8,11.244186553030994,0.0,7,44,75
2,79,1,3.0,14.555491504276848,0.0,7,44,75
2,79,2,3.0,10.380513004332887,0.0,7,44,75
2,79,3,3.2,10.041115745031446,0.0,7,44,75
2,79,4,3.4,8.494817362063499,0.0,7,44,75
2,79,5,2.8,12.468227415077644,0.0,7,44,75
2,79,6,2.8,10.606704406412632,0.0,7,44,75
2,79,7,3.0,12.128015361923117,0.0,7,44,75
2,79,8,2.8,12.69317213954659,0.0,7,44,75
2,79,9,2.8,12.263245870720201,0.0,7,44,75
2,79,10,2.8,11.529252757088964,0.0,7,44,75
2,79,11,2.8,11.171712139122558,0.0,7,44,75
2,79,12,2.8,10.836342741220616,0.0,7,44,75
2,79,13,2.8,10.959444715868319,0.0,7,44,75
2,79,14,2.8,11.199139356932921,0.0,7,44,75
2,79,15,3.0,8.758766810037601,0.0,7,44,75
2,79,16,2.8,11.205585235055354,0.0,7,44,75
2,79,17,2.8,10.473615500132754,0.0,7,44,75
2,79,18,2.8,12.235565151764304,0.0,7,44,75
2,79,19,3.0,11.395178980363298,0.0,7,44,75
2,79,20,2.8,8.325539423723548,0.0,7,44,75
2,79,21,2.8,10.286169380267209,0.0,7,44,75
3,79,1,2.8,8.977571657236037,0.0,7,44,75
3,79,2,2.8,10.682194101915364,0.0,7,44,75
3,79,3,2.8,10.733597743423491,0.0,7,44,75
3,79,4,2.8,9.593077069699003,0.0,7,44,75
3,79,5,2.8,9.249035088039687,0.0,7,44,75
3,79,6,2.8,10.641639382061127,0.0,7,44,75
3,79,7,2.8,10.139898455939036,0.0,7,44,75
3,79,8,2.8,11.160179130563742,0.0,7,44,75
3,79,9,2.8,12.897792891276078,0.0,7,44,75
3,79,10,2.8,10.39138375223361,0.0,7,44,75
3,79,11,2.8,11.517657962601273,0.0,7,44,75
3,79,12,3.0,12.758390478834482,0.0,7,44,75
3,79,13,3.0,8.272664449781985,0.0,7,44,75
3,79,14,2.8,10.050911565656929,0.0,7,44,75
3,79,15,2.8,11.976839162048543,0.0,7,44,75
3,79,16,2.8,10.172486525325201,0.0,7,44,75
3,79,17,2.8,15.626048150618892,0.0,7,44,75
3,79,18,3.0,9.505670069978267,0.0,7,44,75
3,79,19,2.8,12.28904904956194,0.0,7,44,75
3,79,20,2.8,10.443786994882336,0.0,7,44,75
3,79,21,2.8,8.856111467198193,0.0,7,44,75
3,79,22,2.8,11.11959871945945,0.0,7,44,75
1,80,1,4.2,9.366018215081363,0.0,7,44,75
1,80,2,3.2,11.296773006873648,0.0,7,44,75
1,80,3,2.8,10.828733727925368,0.0,7,44,75
1,80,4,3.0,8.892775867072288,0.0,7,44,75
1,80,5,3.0,14.905513949140397,0.0,7,44,75
1,80,6,2.8,11.318250779907496,0.0,7,44,75
1,80,7,2.8,9.561046443417451,0.0,7,44,75
1,80,8,2.8,13.551940761823264,0.0,7,44,75
1,80,9,2.8,12.807023956797089,0.0,7,44,75
1,80,10,2.8,10.895649688336494,0.0,7,44,75
1,80,11,2.8,14.628170396878641,0.0,7,44,75
1,80,12,2.8,15.02995174248359,0.0,7,44,75
1,80,13,2.8,11.785597402204587,0.0,7,44,75
1,80,14,2.8,12.939107035941092,0.0,7,44,75
1,80,15,2.8,15.667058312574277,0.0,7,44,75
1,80,16,2.8,11.644380904462952,0.0,7,44,75
1,80,17,2.8,9.783360573790377,0.0,7,44,75
1,80,18,3.0,10.240976256918177,0.0,7,44,75
1,80,19,3.0,9.285131296431233,0.0,7,44,75
1,80,20,2.8,10.690703346678223,0.0,7,44,75
1,80,21,3.0,10.18929008805481,0.0,7,44,75
2,80,1,2.8,15.240822786844957,0.0,7,44,75
2,80,2,2.8,9.918466021900196,0.0,7,44,75
2,80,3,3.2,10.246058874781653,0.0,7,44,75
2,80,4,3.2,9.339681029810409,0.0,7,44,75
2,80,5,3.0,9.47940058709227,0.0,7,44,75
2,80,6,2.8,11.074046871133081,0.0,7,44,75
2,80,7,3.0,11.056493611603042,0.0,7,44,75
2,80,8,2.8,13.580947189389518,0.0,7,44,75
2,80,9,2.8,13.376820592753454,0.0,7,44,75
2,80,10,2.8,11.777709675301313,0.0,7,44,75
2,80,11,2.8,9.814806757996813,0.0,7,44,75
2,80,12,2.8,13.775024369742841,0.0,7,44,75
2,80,13,2.8,11.382943179073965,0.0,7,44,75
2,80,14,2.8,10.470718043363444,0.0,7,44,75
2,80,15,2.8,9.658444012992575,0.0,7,44,75
2,80,16,2.8,10.31196425648092,0.0,7,44,75
2,80,17,2.8,11.568134993402872,0.0,7,44,75
2,80,18,2.8,11.854194910413414,0.0,7,44,75
2,80,19,3.0,9.894373600624311,0.0,7,44,75
2,80,20,2.8,8.820645599310952,0.0,7,44,75
2,80,21,3.0,8.753565846494332,0.0,7,44,75
2,80,22,2.0,19.105418990781978,0.0,4,44,75
3,80,1,2.8,8.860518395164394,0.0,7,44,75
3,80,2,2.8,11.10905182014172,0.0,7,44,75
3,80,3,2.8,10.282463791441398,0.0,7,44,75
3,80,4,2.8,9.563077942141627,0.0,7,44,75
3,80,5,2.8,10.171980923305098,0.0,7,44,75
3,80,6,2.8,9.530606576380228,0.0,7,44,75
3,80,7,2.8,9.925967897700883,0.0,7,44,75
3,80,8,2.8,10.843596207205655,0.0,7,44,75
3,80,9,2.8,14.486341306845839,0.0,7,44,75
3,80,10,2.8,11.484027637170026,0.0,7,44,75
3,80,11,2.8,11.119791420695702,0.0,7,44,75
3,80,12,3.0,13.64047473184895,0.0,7,44,75
3,80,13,2.8,12.38557471973734,0.0,7,44,75
3,80,14,2.8,10.018532580773519,0.0,7,44,75
3,80,15,2.8,13.143288279088603,0.0,7,44,75
3,80,16,2.8,9.177305507718035,0.0,7,44,75
3,80,17,2.8,15.142334463966753,0.0,7,44,75
3,80,18,2.8,10.61878088040717,0.0,7,44,75
3,80,19,2.8,13.293340425954886,0.0,7,44,75
3,80,20,2.8,12.217333289147836,0.0,7,44,75
3,80,21,2.8,9.870248594569599,0.0,7,44,75
3,80,22,2.8,12.158253238198082,0.0,7,44,75
1,81,1,4.2,8.935487797969863,0.0,7,44,75
1,81,2,3.2,11.31799042849495,0.0,7,44,75
1,81,3,3.0,11.152813770978755,0.0,7,44,75
1,81,4,3.2,8.623808872270004,0.0,7,44,75
1,81,5,3.0,11.66507720999623,0.0,7,44,75
1,81,6,2.8,9.393689801293778,0.0,7,44,75
1,81,7,2.8,11.385321247229557,0.0,7,44,75
1,81,8,2.8,10.489371338255129,0.0,7,44,75
1,81,9,2.8,12.294408770658894,0.0,7,44,75
1,81,10,2.8,11.196889830091525,0.0,7,44,75
1,81,11,2.8,13.878717527445259,0.0,7,44,75
1,81,12,2.8,12.864458020239802,0.0,7,44,75
1,81,13,2.8,12.020115019967896,0.0,7,44,75
1,81,14,2.8,13.23633069675506,0.0,7,44,75
1,81,15,2.8,13.68377978369216,0.0,7,44,75
1,81,16,2.8,11.533666128645446,0.0,7,44,75
1,81,17,3.0,9.18335564186785,0.0,7,44,75
1,81,18,2.8,11.422686716163902,0.0,7,44,75
1,81,19,3.0,10.464155511130395,0.0,7,44,75
1,81,20,2.8,9.870752122707767,0.0,7,44,75
1,81,21,3.4,8.48670639858804,0.0,7,44,75
2,81,1,2.8,15.016307550884964,0.0,7,44,75
2,81,2,2.8,11.067098993297494,0.0,7,44,75
2,81,3,3.8,8.053575378795642,0.125,7,44,75
2,81,4,2.8,13.491478861704932,0.0,7,44,75
2,81,5,2.8,9.973819750169659,0.0,7,44,75
2,81,6,2.8,9.972590776010264,0.0,7,44,75
2,81,7,3.0,12.011939825247705,0.0,7,44,75
2,81,8,3.0,12.404305805705382,0.0,7,44,75
2,81,9,2.8,14.94168232625675,0.0,7,44,75
2,81,10,2.8,11.411427937854944,0.0,7,44,75
2,81,11,2.8,10.767140824687562,0.0,7,44,75
2,81,12,2.8,12.635532063922788,0.0,7,44,75
2,81,13,2.8,12.36633443133567,0.0,7,44,75
2,81,14,2.8,11.747134416454873,0.0,7,44,75
2,81,15,3.0,8.820543643573158,0.0,7,44,75
2,81,16,2.8,10.818871550085834,0.0,7,44,75
2,81,17,2.8,10.755664218896873,0.0,7,44,75
2,81,18,2.8,11.591752756075982,0.0,7,44,75
2,81,19,3.0,10.457437399422274,0.0,7,44,75
2,81,20,2.8,8.87757584553112,0.0,7,44,75
2,81,21,3.0,8.966554366082065,0.0,7,44,75
3,81,1,2.8,9.507906782086527,0.0,7,44,75
3,81,2,2.8,12.46780735500654,0.0,7,44,75
3,81,3,2.8,10.733597743423578,0.0,7,44,75
3,81,4,2.8,8.947510570245186,0.0,7,44,75
3,81,5,2.8,9.179626304482701,0.0,7,44,75
3,81,6,2.8,9.75870753143269,0.0,7,44,75
3,81,7,2.8,9.846071197592899,0.0,7,44,75
3,81,8,2.8,10.78622590947447,0.0,7,44,75
3,81,9,2.8,13.707156753806448,0.0,7,44,75
3,81,10,2.8,11.210386634865053,0.0,7,44,75
3,81,11,2.8,12.256232165789719,0.0,7,44,75
3,81,12,2.8,13.128430480273058,0.0,7,44,75
3,81,13,2.8,9.65021397614561,0.0,7,44,75
3,81,14,2.8,9.855567937265999,0.0,7,44,75
3,81,15,2.8,11.166722543549609,0.0,7,44,75
3,81,16,2.8,11.644703968813456,0.0,7,44,75
3,81,17,2.8,14.347522640286002,0.0,7,44,75
3,81,18,3.0,8.956270874273532,0.0,7,44,75
3,81,19,2.8,12.205657841923786,0.0,7,44,75
3,81,20,2.8,12.120487774638725,0.0,7,44,75
3,81,21,2.8,9.079050416308068,0.0,7,44,75
3,81,22,2.8,12.929318378943636,0.0,7,44,75
1,82,1,4.2,8.494628907220681,0.0,7,44,75
1,82,2,3.4,10.063221010486727,0.0,7,44,75
1,82,3,3.0,11.874525087849335,0.0,7,44,75
1,82,4,3.0,9.907680360297578,0.0,7,44,75
1,82,5,3.0,12.183957976460688,0.0,7,44,75
1,82,6,2.8,10.986428700347398,0.0,7,44,75
1,82,7,2.8,10.755377837698227,0.0,7,44,75
1,82,8,2.8,10.789878537403059,0.0,7,44,75
1,82,9,2.8,13.268987228405331,0.0,7,44,75
1,82,10,2.8,10.107602539658277,0.0,7,44,75
1,82,11,2.8,17.457033329749287,0.0,7,44,75
1,82,12,2.8,13.776154043006578,0.0,7,44,75
1,82,13,2.8,15.128281992070367,0.0,7,44,75
1,82,14,2.8,11.926488195969716,0.0,7,44,75
1,82,15,2.8,16.44759559677754,0.0,7,44,75
1,82,16,2.8,12.464045077836833,0.0,7,44,75
1,82,17,3.0,8.196556397758727,0.0,7,44,75
1,82,18,2.8,11.643394039057824,0.0,7,44,75
1,82,19,3.0,10.78245779548804,0.0,7,44,75
1,82,20,2.8,9.95226213121934,0.0,7,44,75
1,82,21,2.8,11.612547297109156,0.0,7,44,75
2,82,1,2.8,13.859373335270917,0.0,7,44,75
2,82,2,2.8,11.43969992130186,0.0,7,44,75
2,82,3,3.2,11.265143721009977,0.0,7,44,75
2,82,4,3.2,8.751653276229694,0.0,7,44,75
2,82,5,3.0,9.73592579779686,0.0,7,44,75
2,82,6,2.8,11.195674112357024,0.0,7,44,75
2,82,7,3.0,10.541946673198925,0.0,7,44,75
2,82,8,2.8,13.702654809168997,0.0,7,44,75
2,82,9,2.8,12.897282580041345,0.0,7,44,75
2,82,10,2.8,11.134467444944942,0.0,7,44,75
2,82,11,2.8,9.112865227832176,0.0,7,44,75
2,82,12,2.8,10.34875907623564,0.0,7,44,75
2,82,13,2.8,11.382943179073965,0.0,7,44,75
2,82,14,2.8,10.89990859949993,0.0,7,44,75
2,82,15,2.8,10.415011647156135,0.0,7,44,75
2,82,16,2.8,9.894888162532155,0.0,7,44,75
2,82,17,2.8,13.510189322606193,0.0,7,44,75
2,82,18,2.8,11.831263741179693,0.0,7,44,75
2,82,19,3.0,11.42897944903073,0.0,7,44,75
2,82,20,2.8,9.19182436372876,0.0,7,44,75
2,82,21,3.0,8.404723320882974,0.0,7,44,75
2,82,22,2.0,19.105418990781978,0.0,4,44,75
3,82,1,2.8,9.844595426464501,0.0,7,44,75
3,82,2,2.8,12.29239999708122,0.0,7,44,75
3,82,3,2.8,10.494177928293421,0.0,7,44,75
3,82,4,2.8,10.286874746045997,0.0,7,44,75
3,82,5,2.8,9.277093387828087,0.0,7,44,75
3,82,6,2.8,10.83007500251789,0.0,7,44,75
3,82,7,2.8,9.435929048584915,0.0,7,44,75
3,82,8,2.8,10.882183327650493,0.0,7,44,75
3,82,9,2.8,10.433527000273676,0.0,7,44,75
3,82,10,2.8,12.366382975731536,0.0,7,44,75
3,82,11,2.8,12.355267948606507,0.0,7,44,75
3,82,12,3.0,13.37206789871571,0.0,7,44,75
3,82,13,2.8,11.063696548689808,0.0,7,44,75
3,82,14,2.8,9.373643758357979,0.0,7,44,75
3,82,15,2.8,13.733543215317386,0.0,7,44,75
3,82,16,2.8,10.035643358198215,0.0,7,44,75
3,82,17,2.8,16.85305175859731,0.0,7,44,75
3,82,18,2.8,9.512267849791607,0.0,7,44,75
3,82,19,2.8,12.133018100172082,0.0,7,44,75
3,82,20,2.8,11.5483469601236,0.0,7,44,75
3,82,21,2.8,8.766721718535253,0.0,7,44,75
3,82,22,2.8,10.862625486712366,0.0,7,44,75
1,83,1,4.2,9.236810506803034,0.0,7,44,75
1,83,2,3.4,9.865520789426485,0.0,7,44,75
1,83,3,3.0,10.751639061445387,0.0,7,44,75
1,83,4,3.0,8.484759973584426,0.0,7,44,75
1,83,5,3.0,11.73321606358998,0.0,7,44,75
1,83,6,2.8,10.82849188167188,0.0,7,44,75
1,83,7,2.8,11.472020242990634,0.0,7,44,75
1,83,8,2.8,11.047021103603907,0.0,7,44,75
1,83,9,2.8,13.660009052605536,0.0,7,44,75
1,83,10,2.8,10.913007235544672,0.0,7,44,75
1,83,11,2.8,13.355795541365923,0.0,7,44,75
1,83,12,2.8,14.03279805430721,0.0,7,44,75
1,83,13,2.8,15.844265656424469,0.0,7,44,75
1,83,14,2.8,14.237035631096825,0.0,7,44,75
1,83,15,2.8,15.88399130171493,0.0,7,44,75
1,83,16,2.8,13.806190630119751,0.0,7,44,75
1,83,17,3.0,9.60797536637082,0.0,7,44,75
1,83,18,2.8,10.433793517516726,0.0,7,44,75
1,83,19,3.0,9.628191128201236,0.0,7,44,75
1,83,20,2.8,9.603334450970548,0.0,7,44,75
1,83,21,3.4,9.020257845833918,0.0,7,44,75
2,83,1,3.0,15.398344311183811,0.0,7,44,75
2,83,2,3.0,10.122801505431273,0.0,7,44,75
2,83,3,3.2,11.158608879526858,0.0,7,44,75
2,83,4,3.4,8.955015784701672,0.0,7,44,75
2,83,5,2.8,11.749649475284755,0.0,7,44,75
2,83,6,2.8,10.39047238691243,0.0,7,44,75
2,83,7,3.0,11.216131193874595,0.0,7,44,75
2,83,8,2.8,13.242845220165462,0.0,7,44,75
2,83,9,2.8,12.238706469886104,0.0,7,44,75
2,83,10,2.8,11.357969526168231,0.0,7,44,75
2,83,11,2.8,10.854483859084036,0.0,7,44,75
2,83,12,2.8,11.359633923558997,0.0,7,44,75
2,83,13,2.8,12.983501185200716,0.0,7,44,75
2,83,14,2.8,11.537146628762837,0.0,7,44,75
2,83,15,3.0,8.363519452384518,0.0,7,44,75
2,83,16,2.8,9.85184214914939,0.0,7,44,75
2,83,17,2.8,10.473615500132794,0.0,7,44,75
2,83,18,2.8,16.228967096094312,0.0,7,44,75
2,83,19,3.0,10.64175246513777,0.0,7,44,75
2,83,20,2.8,7.926322587031535,0.0,7,44,75
2,83,21,2.8,10.408707586737862,0.0,7,44,75
3,83,1,2.8,9.734909519060993,0.0,7,44,75
3,83,2,2.8,10.872081509235318,0.0,7,44,75
3,83,3,2.8,10.67738246452824,0.0,7,44,75
3,83,4,2.8,8.583360360718782,0.0,7,44,75
3,83,5,2.8,9.612441986742052,0.0,7,44,75
3,83,6,2.8,10.030789229071239,0.0,7,44,75
3,83,7,2.8,10.578342567303888,0.0,7,44,75
3,83,8,2.8,12.355030412392894,0.0,7,44,75
3,83,9,2.8,12.897792891276078,0.0,7,44,75
3,83,10,2.8,14.204492512032797,0.0,7,44,75
3,83,11,2.8,13.353352183348264,0.0,7,44,75
3,83,12,3.0,10.817715158499404,0.0,7,44,75
3,83,13,2.8,10.530332929504523,0.0,7,44,75
3,83,14,2.8,10.28817323100033,0.0,7,44,75
3,83,15,2.8,13.52101676443986,0.0,7,44,75
3,83,16,3.0,10.470963154053726,0.0,7,44,75
3,83,17,2.8,15.666073240032306,0.0,7,44,75
3,83,18,3.0,9.671007096752707,0.0,7,44,75
3,83,19,2.8,12.776822012031662,0.0,7,44,75
3,83,20,2.8,9.934850497633786,0.0,7,44,75
3,83,21,2.8,8.594763398830679,0.0,7,44,75
3,83,22,3.0,9.642432711001513,0.0,7,44,75
1,84,1,4.2,8.792080423341513,0.0,7,44,75
1,84,2,3.4,9.817303546672655,0.0,7,44,75
1,84,3,3.0,9.557913009854744,0.0,7,44,75
1,84,4,3.0,9.973270485207056,0.0,7,44,75
1,84,5,3.0,11.509123117615198,0.0,7,44,75
1,84,6,2.8,11.087500284293512,0.0,7,44,75
1,84,7,2.8,11.321152131857998,0.0,7,44,75
1,84,8,2.8,10.618758180266594,0.0,7,44,75
1,84,9,2.8,11.518875297853285,0.0,7,44,75
1,84,10,2.8,11.387317577067538,0.0,7,44,75
1,84,11,2.8,16.147259861231984,0.0,7,44,75
1,84,12,2.8,13.498424259422734,0.0,7,44,75
1,84,13,2.8,15.015195498329653,0.0,7,44,75
1,84,14,2.8,12.46942668701204,0.0,7,44,75
1,84,15,2.8,12.415137967546462,0.0,7,44,75
1,84,16,2.8,14.935397391657224,0.0,7,44,75
1,84,17,3.0,8.66817161045518,0.0,7,44,75
1,84,18,2.8,11.554095486218568,0.0,7,44,75
1,84,19,2.8,10.394244936069782,0.0,7,44,75
1,84,20,2.8,13.393705773545715,0.0,7,44,75
1,84,21,3.0,10.220033539680195,0.0,7,44,75
2,84,1,2.8,15.090407364206174,0.0,7,44,75
2,84,2,2.8,9.66762008672605,0.0,7,44,75
2,84,3,3.2,11.285930975195413,0.0,7,44,75
2,84,4,3.2,9.603656872097488,0.0,7,44,75
2,84,5,3.0,9.05822032455242,0.0,7,44,75
2,84,6,2.8,11.257495147331623,0.0,7,44,75
2,84,7,3.0,11.428368771842957,0.0,7,44,75
2,84,8,3.0,11.648328018813952,0.0,7,44,75
2,84,9,2.8,13.64192366335569,0.0,7,44,75
2,84,10,2.8,12.184366287302977,0.0,7,44,75
2,84,11,2.8,9.96053064108552,0.0,7,44,75
2,84,12,2.8,12.379774049096845,0.0,7,44,75
2,84,13,2.8,13.819292720766484,0.0,7,44,75
2,84,14,2.8,12.777909821348219,0.0,7,44,75
2,84,15,3.0,8.513591159433611,0.0,7,44,75
2,84,16,2.8,13.059708033172281,0.0,7,44,75
2,84,17,2.8,11.087121814806828,0.0,7,44,75
2,84,18,2.8,12.56839568736545,0.0,7,44,75
2,84,19,3.0,11.204589147408106,0.0,7,44,75
2,84,20,2.8,8.080057377344627,0.0,7,44,75
2,84,21,3.0,9.321879066458322,0.0,7,44,75
3,84,1,2.8,9.463770740432027,0.0,7,44,75
3,84,2,2.8,11.420198303486135,0.0,7,44,75
3,84,3,2.8,9.634557841048085,0.0,7,44,75
3,84,4,2.8,8.986952569855031,0.0,7,44,75
3,84,5,2.8,9.3053224435366,0.0,7,44,75
3,84,6,2.8,10.33591547017067,0.0,7,44,75
3,84,7,2.8,10.652036761579167,0.0,7,44,75
3,84,8,2.8,10.979863401550638,0.0,7,44,75
3,84,9,2.8,12.73663764702561,0.0,7,44,75
3,84,10,2.8,12.09732387571313,0.0,7,44,75
3,84,11,2.8,11.09961113061018,0.0,7,44,75
3,84,12,3.0,12.574771723284433,0.0,7,44,75
3,84,13,2.8,9.867739128035897,0.0,7,44,75
3,84,14,2.8,9.88894391582541,0.0,7,44,75
3,84,15,2.8,13.702774164532949,0.0,7,44,75
3,84,16,2.8,12.245955325323862,0.0,7,44,75
3,84,17,2.8,13.21237286558904,0.0,7,44,75
3,84,18,2.8,11.628221965030345,0.0,7,44,75
3,84,19,2.8,11.943473041944086,0.0,7,44,75
3,84,20,2.8,10.890334637634016,0.0,7,44,75
3,84,21,2.8,9.88620299966335,0.0,7,44,75
3,84,22,2.8,12.92931837894351,0.0,7,44,75
1,85,1,4.0,9.448679950474844,0.0,7,44,75
1,85,2,3.6,9.775439480241223,0.0,7,44,75
1,85,3,3.0,10.732490151488252,0.0,7,44,75
1,85,4,3.0,10.421726118058059,0.0,7,44,75
1,85,5,3.0,12.110499723881716,0.0,7,44,75
1,85,6,2.8,10.416689132491905,0.0,7,44,75
1,85,7,2.8,11.194959704736426,0.0,7,44,75
1,85,8,2.8,10.489371338255141,0.0,7,44,75
1,85,9,2.8,12.84473600837524,0.0,7,44,75
1,85,10,2.8,10.68089281221915,0.0,7,44,75
1,85,11,2.8,14.798984640465589,0.0,7,44,75
1,85,12,2.8,14.26533565769211,0.0,7,44,75
1,85,13,2.8,12.867092510654143,0.0,7,44,75
1,85,14,2.8,13.503273404497293,0.0,7,44,75
1,85,15,2.8,14.756025536717837,0.0,7,44,75
1,85,16,2.8,13.230266924615842,0.0,7,44,75
1,85,17,3.0,8.859327821621042,0.0,7,44,75
1,85,18,2.8,11.896236942005741,0.0,7,44,75
1,85,19,3.2,10.671527035206637,0.0,7,44,75
1,85,20,2.8,9.965285359771741,0.0,7,44,75
1,85,21,3.2,8.439380652150726,0.0,7,44,75
2,85,1,3.0,13.091201066770871,0.0,7,44,75
2,85,2,3.0,10.241455798435407,0.0,7,44,75
2,85,3,3.2,10.39966054797576,0.0,7,44,75
2,85,4,3.4,9.007771156896549,0.0,7,44,75
2,85,5,2.8,10.409775158364889,0.0,7,44,75
2,85,6,2.8,10.643621106007666,0.0,7,44,75
2,85,7,3.0,11.468510857186693,0.0,7,44,75
2,85,8,2.8,13.21423334807944,0.0,7,44,75
2,85,9,2.8,12.937710554967344,0.0,7,44,75
2,85,10,2.8,11.030230418746699,0.0,7,44,75
2,85,11,2.8,11.030671993597343,0.0,7,44,75
2,85,12,2.8,12.837978489024517,0.0,7,44,75
2,85,13,2.8,11.920668901165905,0.0,7,44,75
2,85,14,2.8,12.204798423935634,0.0,7,44,75
2,85,15,3.0,8.964164601324516,0.0,7,44,75
2,85,16,2.8,11.500573735267675,0.0,7,44,75
2,85,17,2.8,10.473615500132794,0.0,7,44,75
2,85,18,2.8,12.23556515176419,0.0,7,44,75
2,85,19,3.0,11.67802956023041,0.0,7,44,75
2,85,20,2.8,8.30293481439322,0.0,7,44,75
2,85,21,3.0,9.53058873062284,0.0,7,44,75
3,85,1,2.8,9.522710421331622,0.0,7,44,75
3,85,2,2.8,11.571443723652854,0.0,7,44,75
3,85,3,2.8,10.112452916888996,0.0,7,44,75
3,85,4,2.8,9.871784868326555,0.0,7,44,75
3,85,5,2.8,9.688577407027703,0.0,7,44,75
3,85,6,2.8,10.047267288351655,0.0,7,44,75
3,85,7,2.8,9.846071197592824,0.0,7,44,75
3,85,8,2.8,11.495803494197443,0.0,7,44,75
3,85,9,2.8,11.80265042570707,0.0,7,44,75
3,85,10,2.8,11.885740729907974,0.0,7,44,75
3,85,11,2.8,12.08668704489655,0.0,7,44,75
3,85,12,3.0,13.579901728401374,0.0,7,44,75
3,85,13,2.8,10.847842932351439,0.0,7,44,75
3,85,14,3.0,9.482043192470504,0.0,7,44,75
3,85,15,2.8,10.812319616962874,0.0,7,44,75
3,85,16,2.8,9.719831953578352,0.0,7,44,75
3,85,17,2.8,14.01476957127625,0.0,7,44,75
3,85,18,3.0,10.102306655170242,0.0,7,44,75
3,85,19,2.8,14.005672673227746,0.0,7,44,75
3,85,20,2.8,9.93485049763371,0.0,7,44,75
3,85,21,2.8,9.314689640746163,0.0,7,44,75
3,85,22,2.8,11.968203947798907,0.0,7,44,75
1,86,1,4.4,8.732339843489054,0.0,7,44,75
1,86,2,3.4,11.034779894569876,0.0,7,44,75
1,86,3,2.8,11.532864002992616,0.0,7,44,75
1,86,4,3.4,8.850286785847329,0.0,7,44,75
1,86,5,3.0,10.100498999799663,0.0,7,44,75
1,86,6,2.8,10.467991698491465,0.0,7,44,75
1,86,7,2.8,12.842208067935758,0.0,7,44,75
1,86,8,2.8,9.585303262859341,0.0,7,44,75
1,86,9,2.8,16.240059326216375,0.0,7,44,75
1,86,10,2.8,13.061322915544638,0.0,7,44,75
1,86,11,2.8,15.04153540523407,0.0,7,44,75
1,86,12,2.8,16.434847161308287,0.0,7,44,75
1,86,13,2.8,12.681039841545273,0.0,7,44,75
1,86,14,2.8,11.69073899777004,0.0,7,44,75
1,86,15,2.8,14.404855028373397,0.0,7,44,75
1,86,16,2.8,14.543092603847871,0.0,7,44,75
1,86,17,3.0,8.651479653421495,0.0,7,44,75
1,86,18,2.8,10.067795244127907,0.0,7,44,75
1,86,19,3.0,14.634201538247972,0.0,7,44,75
1,86,20,2.8,10.08415642348635,0.0,7,44,75
1,86,21,2.8,9.821578000039048,0.0,7,44,75
2,86,1,2.8,14.347036619945342,0.0,7,44,75
2,86,2,2.8,11.067098993297494,0.0,7,44,75
2,86,3,3.8,8.489549784528506,0.125,7,44,75
2,86,4,2.8,9.74942018100417,0.0,7,44,75
2,86,5,2.8,9.845377800760152,0.0,7,44,75
2,86,6,2.8,9.734503566030112,0.0,7,44,75
2,86,7,3.0,11.514430427568907,0.0,7,44,75
2,86,8,3.0,9.847809951300711,0.0,7,44,75
2,86,9,2.8,13.171850570420593,0.0,7,44,75
2,86,10,2.8,13.239368070990091,0.0,7,44,75
2,86,11,2.8,9.96053064108552,0.0,7,44,75
2,86,12,2.8,14.526169189927353,0.0,7,44,75
2,86,13,2.8,11.636936787187945,0.0,7,44,75
2,86,14,2.8,12.3645934179433,0.0,7,44,75
2,86,15,3.0,8.489955311319479,0.0,7,44,75
2,86,16,2.8,11.822708515761144,0.0,7,44,75
2,86,17,2.8,10.79362696634153,0.0,7,44,75
2,86,18,2.8,11.747607336811846,0.0,7,44,75
2,86,19,3.0,9.664280616356157,0.0,7,44,75
2,86,20,2.8,9.48323245956911,0.0,7,44,75
2,86,21,3.0,9.350381753386147,0.0,7,44,75
3,86,1,2.8,9.940598392699497,0.0,7,44,75
3,86,2,2.8,13.109163569596939,0.0,7,44,75
3,86,3,2.8,11.08372553410676,0.0,7,44,75
3,86,4,2.8,8.656249252942136,0.0,7,44,75
3,86,5,2.8,10.13825825873266,0.0,7,44,75
3,86,6,2.8,9.681470313038181,0.0,7,44,75
3,86,7,2.8,9.208617202409025,0.0,7,44,75
3,86,8,2.8,10.999610224541184,0.0,7,44,75
3,86,9,2.8,12.527925870203978,0.0,7,44,75
3,86,10,2.8,13.10850783828249,0.0,7,44,75
3,86,11,2.8,12.355267948606507,0.0,7,44,75
3,86,12,3.0,13.401368107135442,0.0,7,44,75
3,86,13,2.8,10.458307393972278,0.0,7,44,75
3,86,14,2.8,10.134741058414535,0.0,7,44,75
3,86,15,2.8,12.199506079130833,0.0,7,44,75
3,86,16,3.0,10.80390065750269,0.0,7,44,75
3,86,17,2.8,15.390127677024024,0.0,7,44,75
3,86,18,3.0,10.271973680349724,0.0,7,44,75
3,86,19,2.8,13.276036030569394,0.0,7,44,75
3,86,20,2.8,10.132354526551733,0.0,7,44,75
3,86,21,2.8,9.14751297119113,0.0,7,44,75
3,86,22,2.8,11.180580164221121,0.0,7,44,75
1,87,1,4.2,9.424611429618054,0.0,7,44,75
1,87,2,3.4,10.465178734851051,0.0,7,44,75
1,87,3,3.0,11.338303315453896,0.0,7,44,75
1,87,4,3.0,10.314693508050572,0.0,7,44,75
1,87,5,3.0,11.33591914672407,0.0,7,44,75
1,87,6,2.8,11.380655647817088,0.0,7,44,75
1,87,7,2.8,13.907915823159598,0.0,7,44,75
1,87,8,2.8,10.770593296655754,0.0,7,44,75
1,87,9,2.8,13.357222877597978,0.0,7,44,75
1,87,10,2.8,11.03288919476287,0.0,7,44,75
1,87,11,2.8,14.584087170139252,0.0,7,44,75
1,87,12,2.8,13.087981440122007,0.0,7,44,75
1,87,13,2.8,11.972352525854243,0.0,7,44,75
1,87,14,2.8,12.706056055402254,0.0,7,44,75
1,87,15,2.8,16.053250191576065,0.0,7,44,75
1,87,16,2.8,13.496962643034687,0.0,7,44,75
1,87,17,2.8,9.495042401226568,0.0,7,44,75
1,87,18,3.0,9.991932089372716,0.0,7,44,75
1,87,19,3.2,9.585164015682425,0.0,7,44,75
1,87,20,2.8,9.73979068979715,0.0,7,44,75
1,87,21,3.2,9.22770113915041,0.0,7,44,75
2,87,1,3.0,14.08616960032323,0.0,7,44,75
2,87,2,3.0,9.479529904489855,0.0,7,44,75
2,87,3,3.4,9.833275045015618,0.0,7,44,75
2,87,4,3.6,8.537019864793075,0.0,7,44,75
2,87,5,2.8,13.888076212344735,0.0,7,44,75
2,87,6,2.8,10.555012677029053,0.0,7,44,75
2,87,7,3.0,12.59582007296585,0.0,7,44,75
2,87,8,2.8,12.611787401307174,0.0,7,44,75
2,87,9,2.8,13.409137518238406,0.0,7,44,75
2,87,10,2.8,10.68852787807902,0.0,7,44,75
2,87,11,2.8,11.395722590121496,0.0,7,44,75
2,87,12,2.8,11.447238248084632,0.0,7,44,75
2,87,13,2.8,11.167717480524463,0.0,7,44,75
2,87,14,2.8,11.429783611600332,0.0,7,44,75
2,87,15,3.0,8.546114214978966,0.0,7,44,75
2,87,16,2.8,10.783746410568494,0.0,7,44,75
2,87,17,2.8,10.349832185717263,0.0,7,44,75
2,87,18,2.8,12.712641288624503,0.0,7,44,75
2,87,19,3.0,10.753795815840386,0.0,7,44,75
2,87,20,2.8,8.430460218147202,0.0,7,44,75
2,87,21,2.8,10.630703737587673,0.0,7,44,75
3,87,1,2.8,9.704018195442973,0.0,7,44,75
3,87,2,2.8,12.121859714802758,0.0,7,44,75
3,87,3,2.8,10.867097327348567,0.0,7,44,75
3,87,4,2.8,9.415853342859329,0.0,7,44,75
3,87,5,2.8,8.834862897280809,0.0,7,44,75
3,87,6,2.8,9.74316165502611,0.0,7,44,75
3,87,7,2.8,10.918254447138011,0.0,7,44,75
3,87,8,2.8,10.418742438576377,0.0,7,44,75
3,87,9,2.8,14.520734325301504,0.0,7,44,75
3,87,10,2.8,12.121299033462801,0.0,7,44,75
3,87,11,2.8,10.88236760555816,0.0,7,44,75
3,87,12,3.0,10.89479442497903,0.0,7,44,75
3,87,13,2.8,11.372272277747314,0.0,7,44,75
3,87,14,2.8,10.20236437681459,0.0,7,44,75
3,87,15,2.8,15.315499976939835,0.0,7,44,75
3,87,16,2.8,11.508581931904791,0.0,7,44,75
3,87,17,2.8,15.605982248881668,0.0,7,44,75
3,87,18,2.8,10.806400705376474,0.0,7,44,75
3,87,19,2.8,11.241032125378494,0.0,7,44,75
3,87,20,2.8,11.44033999595982,0.0,7,44,75
3,87,21,2.8,9.57660779794466,0.0,7,44,75
3,87,22,2.8,10.999374383320218,0.0,7,44,75
1,88,1,4.2,8.009152307692148,0.0,7,44,75
1,88,2,3.4,10.593965767623205,0.0,7,44,75
1,88,3,3.0,9.985542229138813,0.0,7,44,75
1,88,4,3.0,9.354022126961675,0.0,7,44,75
1,88,5,3.0,11.045034542550843,0.0,7,44,75
1,88,6,2.8,11.511093608643106,0.0,7,44,75
1,88,7,3.0,10.034021580250382,0.0,7,44,75
1,88,8,2.8,10.228242332895743,0.0,7,44,75
1,88,9,2.8,21.75750534439149,0.0,7,44,75
1,88,10,2.8,9.997628195807936,0.0,7,44,75
1,88,11,2.8,15.084029183018949,0.0,7,44,75
1,88,12,2.8,12.582467957918924,0.0,7,44,75
1,88,13,2.8,13.042690308975187,0.0,7,44,75
1,88,14,2.8,12.811175118447103,0.0,7,44,75
1,88,15,2.8,15.542758053670786,0.0,7,44,75
1,88,16,2.8,9.971907745921873,0.0,7,44,75
1,88,17,3.0,8.159915106111862,0.0,7,44,75
1,88,18,3.0,10.315828213035196,0.0,7,44,75
1,88,19,2.8,15.746480952266577,0.0,7,44,75
1,88,20,2.8,11.08332878784331,0.0,7,44,75
1,88,21,3.2,8.926962792493798,0.0,7,44,75
2,88,1,2.8,16.834965671599633,0.0,7,44,75
2,88,2,2.8,10.285420544202186,0.0,7,44,75
2,88,3,3.2,10.601254072764112,0.0,7,44,75
2,88,4,3.2,8.5797765331627,0.0,7,44,75
2,88,5,3.0,11.156703503938395,0.0,7,44,75
2,88,6,2.8,10.449671267347412,0.0,7,44,75
2,88,7,3.0,12.301866656667098,0.0,7,44,75
2,88,8,3.0,10.881534457277139,0.0,7,44,75
2,88,9,2.8,15.91360349254571,0.0,7,44,75
2,88,10,2.8,11.717501664675117,0.0,7,44,75
2,88,11,2.8,9.526139993220422,0.0,7,44,75
2,88,12,2.8,15.025788726140926,0.0,7,44,75
2,88,13,2.8,11.88569588570741,0.0,7,44,75
2,88,14,2.8,11.188411215162173,0.0,7,44,75
2,88,15,3.0,8.707523586538063,0.0,7,44,75
2,88,16,2.8,12.397881813786567,0.0,7,44,75
2,88,17,2.8,11.047070301271185,0.0,7,44,75
2,88,18,2.8,11.292129180221181,0.0,7,44,75
2,88,19,2.8,11.028159229310539,0.0,7,44,75
2,88,20,2.8,9.03389814282066,0.0,7,44,75
2,88,21,2.8,8.172204129589472,0.0,7,44,75
2,88,22,2.0,19.4085587187669,0.0,4,44,75
3,88,1,2.8,10.450139061467208,0.0,7,44,75
3,88,2,2.8,10.571412476237631,0.0,7,44,75
3,88,3,2.8,10.658774662352684,0.0,7,44,75
3,88,4,2.8,9.273093091117333,0.0,7,44,75
3,88,5,2.8,9.734840333423866,0.0,7,44,75
3,88,6,2.8,9.077937617365482,0.0,7,44,75
3,88,7,2.8,9.45050922830115,0.0,7,44,75
3,88,8,2.8,11.875253119386203,0.0,7,44,75
3,88,9,2.8,13.676505691572935,0.0,7,44,75
3,88,10,2.8,12.097323875713018,0.0,7,44,75
3,88,11,2.8,12.767950730206918,0.0,7,44,75
3,88,12,3.0,13.5498165188014,0.0,7,44,75
3,88,13,2.8,12.61549968534434,0.0,7,44,75
3,88,14,2.8,9.316529361797281,0.0,7,44,75
3,88,15,2.8,13.200020742659856,0.0,7,44,75
3,88,16,3.0,10.277416235067161,0.0,7,44,75
3,88,17,2.8,13.762482081814042,0.0,7,44,75
3,88,18,2.8,11.040891947856993,0.0,7,44,75
3,88,19,2.8,12.924480773787428,0.0,7,44,75
3,88,20,2.8,12.090046775914768,0.0,7,44,75
3,88,21,2.8,9.168391996537,0.0,7,44,75
3,88,22,2.8,9.191399281011808,0.0,7,44,75
1,89,1,4.2,9.336993968574543,0.0,7,44,75
1,89,2,3.2,9.87178933424884,0.0,7,44,75
1,89,3,3.0,10.640778268970962,0.0,7,44,75
1,89,4,3.2,9.161349524729115,0.0,7,44,75
1,89,5,3.0,11.990018106415464,0.0,7,44,75
1,89,6,2.8,10.809068487406234,0.0,7,44,75
1,89,7,2.8,11.257702293106972,0.0,7,44,75
1,89,8,2.8,12.437905926925627,0.0,7,44,75
1,89,9,2.8,14.241088562308324,0.0,7,44,75
1,89,10,2.8,11.999554030235002,0.0,7,44,75
1,89,11,2.8,14.23946609016685,0.0,7,44,75
1,89,12,2.8,14.754323677656535,0.0,7,44,75
1,89,13,2.8,13.501324834863844,0.0,7,44,75
1,89,14,2.8,14.038038808087835,0.0,7,44,75
1,89,15,3.0,13.053621043242691,0.0,7,44,75
1,89,16,2.8,12.265465058853188,0.0,7,44,75
1,89,17,3.0,8.040155147625182,0.0,7,44,75
1,89,18,3.0,9.155960134635919,0.0,7,44,75
1,89,19,3.0,13.07796962188977,0.0,7,44,75
1,89,20,3.0,9.615481884526083,0.0,7,44,75
1,89,21,3.0,8.101533198998064,0.0,7,44,75
2,89,1,2.8,14.979529870195735,0.0,7,44,75
2,89,2,2.8,9.667620086726084,0.0,7,44,75
2,89,3,3.2,10.127298516626585,0.0,7,44,75
2,89,4,3.2,9.514022402100855,0.0,7,44,75
2,89,5,3.0,10.29301098196529,0.0,7,44,75
2,89,6,2.8,10.39638329860067,0.0,7,44,75
2,89,7,3.0,11.177733469718541,0.0,7,44,75
2,89,8,3.0,11.782973801246147,0.0,7,44,75
2,89,9,2.8,13.228830412315414,0.0,7,44,75
2,89,10,2.8,12.742856302141263,0.0,7,44,75
2,89,11,2.8,9.896065044183354,0.0,7,44,75
2,89,12,2.8,11.851997661657437,0.0,7,44,75
2,89,13,2.8,14.20442846413099,0.0,7,44,75
2,89,14,2.8,12.724740422969067,0.0,7,44,75
2,89,15,3.0,8.820543643573158,0.0,7,44,75
2,89,16,2.8,10.612376195286469,0.0,7,44,75
2,89,17,2.8,11.168102453908663,0.0,7,44,75
2,89,18,2.8,11.461417564436363,0.0,7,44,75
2,89,19,3.0,10.657890233906196,0.0,7,44,75
2,89,20,2.8,8.813611011885955,0.0,7,44,75
2,89,21,3.0,9.15444655028835,0.0,7,44,75
3,89,1,2.8,10.038492210267854,0.0,7,44,75
3,89,2,2.8,11.272855601687608,0.0,7,44,75
3,89,3,2.8,11.478969516345716,0.0,7,44,75
3,89,4,2.8,9.066889046357938,0.0,7,44,75
3,89,5,2.8,8.610966442868012,0.0,7,44,75
3,89,6,2.8,9.620555284917971,0.0,7,44,75
3,89,7,2.8,10.07309796491218,0.0,7,44,75
3,89,8,2.8,12.182760057060912,0.0,7,44,75
3,89,9,2.8,13.676505691572793,0.0,7,44,75
3,89,10,2.8,12.29182342888817,0.0,7,44,75
3,89,11,2.8,11.431548233753515,0.0,7,44,75
3,89,12,3.0,13.7015905268539,0.0,7,44,75
3,89,13,2.8,11.788749833335421,0.0,7,44,75
3,89,14,2.8,9.204363446909207,0.0,7,44,75
3,89,15,2.8,12.223888376474047,0.0,7,44,75
3,89,16,2.8,9.873632112718843,0.0,7,44,75
3,89,17,2.8,13.840238465433048,0.0,7,44,75
3,89,18,2.8,10.437564754362171,0.0,7,44,75
3,89,19,2.8,15.061027969128443,0.0,7,44,75
3,89,20,2.8,11.418980585282007,0.0,7,44,75
3,89,21,2.8,8.766721718535194,0.0,7,44,75
3,89,22,2.8,11.079073668409173,0.0,7,44,75
1,90,1,4.2,9.002231041334877,0.0,7,44,75
1,90,2,3.2,10.564025342716112,0.0,7,44,75
1,90,3,3.0,9.922415923428787,0.0,7,44,75
1,90,4,3.2,8.53827538036512,0.0,7,44,75
1,90,5,3.0,12.998697541232577,0.0,7,44,75
1,90,6,2.8,11.897450162038332,0.0,7,44,75
1,90,7,2.8,11.299922865439816,0.0,7,44,75
1,90,8,2.8,11.87420527363441,0.0,7,44,75
1,90,9,2.8,13.47671217265545,0.0,7,44,75
1,90,10,2.8,11.719511027586512,0.0,7,44,75
1,90,11,2.8,15.443751222147222,0.0,7,44,75
1,90,12,2.8,15.514024611704048,0.0,7,44,75
1,90,13,2.8,12.922277168340448,0.0,7,44,75
1,90,14,2.8,13.473082584086804,0.0,7,44,75
1,90,15,2.8,14.1996896006934,0.0,7,44,75
1,90,16,2.8,12.438318053894678,0.0,7,44,75
1,90,17,2.8,10.032512642424646,0.0,7,44,75
1,90,18,3.0,10.041884312823115,0.0,7,44,75
1,90,19,2.8,12.719939904235579,0.0,7,44,75
1,90,20,2.8,12.742308997661784,0.0,7,44,75
1,90,21,3.0,9.693930187455658,0.0,7,44,75
2,90,1,3.0,13.862678059049625,0.0,7,44,75
2,90,2,3.0,10.023264592718004,0.0,7,44,75
2,90,3,3.2,10.024657840772562,0.0,7,44,75
2,90,4,3.4,9.49733596330709,0.0,7,44,75
2,90,5,2.8,11.528182610377007,0.0,7,44,75
2,90,6,2.8,9.807326811866739,0.0,7,44,75
2,90,7,3.0,12.474319464118143,0.0,7,44,75
2,90,8,2.8,12.409867938335857,0.0,7,44,75
2,90,9,2.8,12.189921121587044,0.0,7,44,75
2,90,10,2.8,11.75076113590831,0.0,7,44,75
2,90,11,2.8,11.379571040781707,0.0,7,44,75
2,90,12,2.8,11.912780841394566,0.0,7,44,75
2,90,13,2.8,10.804559979120803,0.0,7,44,75
2,90,14,2.8,10.524637952610563,0.0,7,44,75
2,90,15,3.0,8.733752022619077,0.0,7,44,75
2,90,16,2.8,11.124062087551977,0.0,7,44,75
2,90,17,2.8,11.831045890258471,0.0,7,44,75
2,90,18,2.8,12.384215795846163,0.0,7,44,75
2,90,19,3.0,11.928567527114534,0.0,7,44,75
2,90,20,2.8,7.855063137441947,0.0,7,44,75
2,90,21,2.8,9.272519899730161,0.0,7,44,75
3,90,1,2.8,8.623161287238922,0.0,7,44,75
3,90,2,2.8,11.10905182014172,0.0,7,44,75
3,90,3,2.8,11.880322635662015,0.0,7,44,75
3,90,4,2.8,9.05346769464426,0.0,7,44,75
3,90,5,2.8,9.765928518562868,0.0,7,44,75
3,90,6,2.8,10.181066706843058,0.0,7,44,75
3,90,7,2.8,9.222502852532719,0.0,7,44,75
3,90,8,2.8,10.383366620959634,0.0,7,44,75
3,90,9,2.8,12.605386243774458,0.0,7,44,75
3,90,10,2.8,13.543931748660425,0.0,7,44,75
3,90,11,2.8,11.716229759788499,0.0,7,44,75
3,90,12,3.0,10.95332858773985,0.0,7,44,75
3,90,13,2.8,10.476221249376673,0.0,7,44,75
3,90,14,2.8,9.969540766440248,0.0,7,44,75
3,90,15,2.8,12.866786999670376,0.0,7,44,75
3,90,16,2.8,10.628600377638024,0.0,7,44,75
3,90,17,2.8,15.37066272981032,0.0,7,44,75
3,90,18,2.8,10.04335371919943,0.0,7,44,75
3,90,19,2.8,12.766146320929725,0.0,7,44,75
3,90,20,2.8,12.440997834002856,0.0,7,44,75
3,90,21,2.8,8.546222565885575,0.0,7,44,75
3,90,22,2.8,13.039579449803364,0.0,7,44,75
1,91,1,4.2,8.935487797969865,0.0,7,44,75
1,91,2,3.4,10.321775180935585,0.0,7,44,75
1,91,3,3.0,9.542777162542324,0.0,7,44,75
1,91,4,3.0,9.779054666643109,0.0,7,44,75
1,91,5,3.0,10.885420478061963,0.0,7,44,75
1,91,6,2.8,10.292150879344442,0.0,7,44,75
1,91,7,2.8,12.49486265795198,0.0,7,44,75
1,91,8,2.8,11.338011732632395,0.0,7,44,75
1,91,9,2.8,13.239833829681924,0.0,7,44,75
1,91,10,2.8,11.951954472963271,0.0,7,44,75
1,91,11,2.8,16.27811569896564,0.0,7,44,75
1,91,12,2.8,14.5407119414351,0.0,7,44,75
1,91,13,2.8,12.36542946466093,0.0,7,44,75
1,91,14,2.8,10.99110159918515,0.0,7,44,75
1,91,15,2.8,16.814752559868094,0.0,7,44,75
1,91,16,2.8,11.338354191984866,0.0,7,44,75
1,91,17,2.8,8.625246639788827,0.0,7,44,75
1,91,18,3.0,10.370225915944197,0.0,7,44,75
1,91,19,3.2,10.35964577653386,0.0,7,44,75
1,91,20,2.8,10.652301057461488,0.0,7,44,75
1,91,21,3.2,7.981105444220619,0.0,7,44,75
2,91,1,3.2,12.860385183232705,0.0,7,44,75
2,91,2,3.2,10.001035504828554,0.0,7,44,75
2,91,3,3.2,9.924685691026959,0.0,7,44,75
2,91,4,3.4,7.718373398834316,0.0,7,44,75
2,91,5,2.8,13.763067488447374,0.0,7,44,75
2,91,6,2.8,10.051941197727636,0.0,7,44,75
2,91,7,3.2,11.186196800563227,0.0,7,44,75
2,91,8,2.8,13.114576739659466,0.0,7,44,75
2,91,9,2.8,12.499232796514491,0.0,7,44,75
2,91,10,2.8,11.644397150950521,0.0,7,44,75
2,91,11,2.8,13.492401032171342,0.0,7,44,75
2,91,12,2.8,12.50089427454921,0.0,7,44,75
2,91,13,2.8,10.840518423796457,0.0,7,44,75
2,91,14,2.8,12.118422152768762,0.0,7,44,75
2,91,15,3.0,9.98187884172324,0.0,7,44,75
2,91,16,2.8,11.373373786331006,0.0,7,44,75
2,91,17,2.8,12.493962618408267,0.0,7,44,75
2,91,18,3.0,11.531180793319765,0.0,7,44,75
2,91,19,2.8,11.288373752769647,0.0,7,44,75
2,91,20,2.8,7.545089092963232,0.0,7,44,75
2,91,21,3.0,12.17394059425018,0.0,7,44,75
3,91,1,2.8,9.65804706594536,0.0,7,44,75
3,91,2,2.8,11.817381064360916,0.0,7,44,75
3,91,3,2.8,10.714793661805063,0.0,7,44,75
3,91,4,2.8,9.080350250230488,0.0,7,44,75
3,91,5,2.8,9.876318502011811,0.0,7,44,75
3,91,6,2.8,10.318477835106272,0.0,7,44,75
3,91,7,2.8,9.378055454427656,0.0,7,44,75
3,91,8,2.8,11.201056519738469,0.0,7,44,75
3,91,9,2.8,12.178680664007679,0.0,7,44,75
3,91,10,2.8,11.77136181670662,0.0,7,44,75
3,91,11,2.8,12.848417225070571,0.0,7,44,75
3,91,12,3.0,15.275772755576314,0.0,7,44,75
3,91,13,2.8,11.457487984630955,0.0,7,44,75
3,91,14,2.8,10.168440289786258,0.0,7,44,75
3,91,15,2.8,12.15103212889996,0.0,7,44,75
3,91,16,3.0,9.279463884147125,0.0,7,44,75
3,91,17,2.8,15.236765593397479,0.0,7,44,75
3,91,18,3.0,9.763638370902001,0.0,7,44,75
3,91,19,2.8,13.077331127767605,0.0,7,44,75
3,91,20,2.8,11.271400034894581,0.0,7,44,75
3,91,21,2.8,9.82335250795371,0.0,7,44,75
3,91,22,2.8,9.800995787445279,0.0,7,44,75
1,92,1,4.2,9.840136490839958,0.0,7,44,75
1,92,2,3.4,9.769555330332715,0.0,7,44,75
1,92,3,3.0,9.871043246143307,0.0,7,44,75
1,92,4,3.0,9.325072067016015,0.0,7,44,75
1,92,5,3.0,12.69741313374513,0.0,7,44,75
1,92,6,2.8,10.926665434270792,0.0,7,44,75
1,92,7,2.8,11.949755279086313,0.0,7,44,75
1,92,8,2.8,10.205149339439243,0.0,7,44,75
1,92,9,2.8,13.124490137676199,0.0,7,44,75
1,92,10,2.8,10.040239588458427,0.0,7,44,75
1,92,11,2.8,14.106135247950329,0.0,7,44,75
1,92,12,2.8,15.966179307433608,0.0,7,44,75
1,92,13,2.8,13.685296410044025,0.0,7,44,75
1,92,14,2.8,13.908436237440908,0.0,7,44,75
1,92,15,2.8,15.396973179560081,0.0,7,44,75
1,92,16,2.8,13.557695090887755,0.0,7,44,75
1,92,17,3.0,8.693181116045675,0.0,7,44,75
1,92,18,2.8,12.410749268665862,0.0,7,44,75
1,92,19,3.0,8.709727260520467,0.0,7,44,75
1,92,20,2.8,11.026719056611793,0.0,7,44,75
1,92,21,3.0,9.439148113292333,0.0,7,44,75
2,92,1,3.0,12.32608777429995,0.0,7,44,75
2,92,2,3.0,10.505322970520481,0.0,7,44,75
2,92,3,3.2,10.024657840772488,0.0,7,44,75
2,92,4,3.4,8.254068410358718,0.0,7,44,75
2,92,5,2.8,12.194767345892704,0.0,7,44,75
2,92,6,2.8,9.934771434158339,0.0,7,44,75
2,92,7,3.0,11.175143904255567,0.0,7,44,75
2,92,8,2.8,12.043322568751684,0.0,7,44,75
2,92,9,2.8,13.104027491411758,0.0,7,44,75
2,92,10,2.8,11.07015969758854,0.0,7,44,75
2,92,11,2.8,10.185643642277089,0.0,7,44,75
2,92,12,2.8,12.704641068921715,0.0,7,44,75
2,92,13,2.8,11.324712387633546,0.0,7,44,75
2,92,14,2.8,11.580837567715921,0.0,7,44,75
2,92,15,2.8,8.884926494009196,0.0,7,44,75
2,92,16,2.8,10.7997677668689,0.0,7,44,75
2,92,17,2.8,10.851076230944006,0.0,7,44,75
2,92,18,2.8,11.20934656812467,0.0,7,44,75
2,92,19,3.0,9.455116372005142,0.0,7,44,75
2,92,20,2.8,8.425101206769153,0.0,7,44,75
2,92,21,3.0,8.901305600190836,0.0,7,44,75
3,92,1,2.8,9.193486300047208,0.0,7,44,75
3,92,2,2.8,11.068841995756769,0.0,7,44,75
3,92,3,2.8,10.440436237797783,0.0,7,44,75
3,92,4,2.8,8.856811949286028,0.0,7,44,75
3,92,5,2.8,9.812934888382648,0.0,7,44,75
3,92,6,2.8,9.681470313038037,0.0,7,44,75
3,92,7,2.8,10.860093558618285,0.0,7,44,75
3,92,8,2.8,11.180580462257351,0.0,7,44,75
3,92,9,2.8,13.436145340030972,0.0,7,44,75
3,92,10,2.8,12.492679469424798,0.0,7,44,75
3,92,11,2.8,11.829534621150863,0.0,7,44,75
3,92,12,3.0,15.199845907774359,0.0,7,44,75
3,92,13,2.8,10.112470235203993,0.0,7,44,75
3,92,14,3.0,8.470832301398303,0.0,7,44,75
3,92,15,2.8,12.095266140996374,0.0,7,44,75
3,92,16,2.8,9.362727408739886,0.0,7,44,75
3,92,17,2.8,17.257406671419794,0.0,7,44,75
3,92,18,3.0,10.519312503902697,0.0,7,44,75
3,92,19,2.8,12.670941816927277,0.0,7,44,75
3,92,20,2.8,10.149168247263791,0.0,7,44,75
3,92,21,2.8,9.429577358908078,0.0,7,44,75
3,92,22,2.8,9.864224764153297,0.0,7,44,75
1,93,1,4.2,9.513888855411288,0.0,7,44,75
1,93,2,3.2,11.254575925318381,0.0,7,44,75
1,93,3,2.8,11.897742114512075,0.0,7,44,75
1,93,4,3.0,8.801851910508194,0.0,7,44,75
1,93,5,3.0,12.732431191882073,0.0,7,44,75
1,93,6,2.8,9.498529963435683,0.0,7,44,75
1,93,7,2.8,10.420810212618157,0.0,7,44,75
1,93,8,2.8,11.46370146897879,0.0,7,44,75
1,93,9,2.8,13.679189070084028,0.0,7,44,75
1,93,10,2.8,10.177943553575426,0.0,7,44,75
1,93,11,2.8,13.54325496432961,0.0,7,44,75
1,93,12,2.8,16.46749910053191,0.0,7,44,75
1,93,13,2.8,10.970288596824883,0.0,7,44,75
1,93,14,2.8,13.223032438858201,0.0,7,44,75
1,93,15,2.8,13.55289022592471,0.0,7,44,75
1,93,16,2.8,9.467365954191157,0.0,7,44,75
1,93,17,2.8,8.683705165921664,0.0,7,44,75
1,93,18,3.2,9.214227600563735,0.0,7,44,75
1,93,19,3.0,10.637452048671882,0.0,7,44,75
1,93,20,2.8,12.102525506288206,0.0,7,44,75
1,93,21,3.2,8.208582014653253,0.0,7,44,75
2,93,1,2.8,17.360611146273644,0.0,7,44,75
2,93,2,2.8,11.769919159733224,0.0,7,44,75
2,93,3,3.2,11.87770613328443,0.0,7,44,75
2,93,4,3.2,9.664357419742817,0.0,7,44,75
2,93,5,3.0,9.845634736825872,0.0,7,44,75
2,93,6,2.8,10.449671267347412,0.0,7,44,75
2,93,7,3.0,10.416270169335549,0.0,7,44,75
2,93,8,2.8,13.826563555488471,0.0,7,44,75
2,93,9,2.8,12.657069370942564,0.0,7,44,75
2,93,10,2.8,11.154774795061083,0.0,7,44,75
2,93,11,2.8,9.480117961099792,0.0,7,44,75
2,93,12,2.8,12.768502134064509,0.0,7,44,75
2,93,13,2.8,12.499586440835039,0.0,7,44,75
2,93,14,2.8,9.61478030690982,0.0,7,44,75
2,93,15,2.8,9.719841321467625,0.0,7,44,75
2,93,16,3.0,10.758840361026579,0.0,7,44,75
2,93,17,2.8,11.295642425846426,0.0,7,44,75
2,93,18,2.8,12.29158021362181,0.0,7,44,75
2,93,19,3.2,9.347406807469548,0.0,7,44,75
2,93,20,2.8,7.943630533061411,0.0,7,44,75
2,93,21,3.0,8.67407215804088,0.0,7,44,75
3,93,1,2.8,9.111312114648529,0.0,7,44,75
3,93,2,2.8,11.840258398767016,0.0,7,44,75
3,93,3,2.8,10.422644450896302,0.0,7,44,75
3,93,4,2.8,8.730386675432928,0.0,7,44,75
3,93,5,2.8,9.734840333423866,0.0,7,44,75
3,93,6,2.8,10.047267288351655,0.0,7,44,75
3,93,7,2.8,10.190583157992181,0.0,7,44,75
3,93,8,2.8,9.848341391643402,0.0,7,44,75
3,93,9,2.8,13.957401482159325,0.0,7,44,75
3,93,10,2.8,13.136663213801773,0.0,7,44,75
3,93,11,2.8,10.365935848733905,0.0,7,44,75
3,93,12,3.0,12.731831597684055,0.0,7,44,75
3,93,13,2.8,10.790427808423715,0.0,7,44,75
3,93,14,2.8,9.330742610866233,0.0,7,44,75
3,93,15,2.8,13.889484726055207,0.0,7,44,75
3,93,16,3.0,10.00833177217346,0.0,7,44,75
3,93,17,2.8,14.046957366212618,0.0,7,44,75
3,93,18,3.0,9.655739164388482,0.0,7,44,75
3,93,19,2.8,12.094636592862804,0.0,7,44,75
3,93,20,2.8,10.49756327550512,0.0,7,44,75
3,93,21,2.8,9.230344407145896,0.0,7,44,75
3,93,22,2.8,10.210030583242373,0.0,7,44,75
1,94,1,4.4,9.37054801315708,0.0,7,44,75
1,94,2,3.4,11.676219953928253,0.0,7,44,75
1,94,3,3.2,8.80905935345809,0.0,7,44,75
1,94,4,3.0,11.362947370254565,0.0,7,44,75
1,94,5,3.0,10.806945503981279,0.0,7,44,75
1,94,6,2.8,10.690848384492561,0.0,7,44,75
1,94,7,2.8,12.143468862531112,0.0,7,44,75
1,94,8,2.8,10.63403527750024,0.0,7,44,75
1,94,9,2.8,14.65974689367336,0.0,7,44,75
1,94,10,2.8,12.54470426914028,0.0,7,44,75
1,94,11,2.8,12.750102144554374,0.0,7,44,75
1,94,12,2.8,15.956155891095287,0.0,7,44,75
1,94,13,2.8,11.999263237228728,0.0,7,44,75
1,94,14,2.8,13.838522826424068,0.0,7,44,75
1,94,15,2.8,13.471007749456694,0.0,7,44,75
1,94,16,2.8,14.30148815763694,0.0,7,44,75
1,94,17,3.0,7.851180122263284,0.0,7,44,75
1,94,18,2.8,9.821656900197699,0.0,7,44,75
1,94,19,3.0,13.427665874353295,0.0,7,44,75
1,94,20,2.8,9.648223591116537,0.0,7,44,75
1,94,21,2.8,11.379528711763413,0.0,7,44,75
2,94,1,2.8,15.2029385142937,0.0,7,44,75
2,94,2,2.8,9.561821167243586,0.0,7,44,75
2,94,3,3.2,10.297813135414142,0.0,7,44,75
2,94,4,3.2,9.528845106135101,0.0,7,44,75
2,94,5,3.0,10.006721001544115,0.0,7,44,75
2,94,6,2.8,10.485501102846547,0.0,7,44,75
2,94,7,3.0,11.32258408501195,0.0,7,44,75
2,94,8,2.8,10.575204473282556,0.0,7,44,75
2,94,9,2.8,12.154025013623311,0.0,7,44,75
2,94,10,2.8,11.710060231819941,0.0,7,44,75
2,94,11,2.8,10.173992292828592,0.0,7,44,75
2,94,12,2.8,11.899054460062008,0.0,7,44,75
2,94,13,2.8,11.709847039421588,0.0,7,44,75
2,94,14,2.8,9.721760984613109,0.0,7,44,75
2,94,15,2.8,9.305754145552461,0.0,7,44,75
2,94,16,3.0,11.819182653528578,0.0,7,44,75
2,94,17,2.8,10.500529196500924,0.0,7,44,75
2,94,18,2.8,13.278990148094842,0.0,7,44,75
2,94,19,3.0,10.65442841187299,0.0,7,44,75
2,94,20,2.8,8.762112622600522,0.0,7,44,75
2,94,21,2.8,8.064449256514076,0.0,7,44,75
2,94,22,2.0,18.31860050269832,0.0,4,44,75
3,94,1,2.8,9.362363087593822,0.0,7,44,75
3,94,2,2.8,11.21086621086867,0.0,7,44,75
3,94,3,2.8,10.752467942063234,0.0,7,44,75
3,94,4,2.8,9.343927961814485,0.0,7,44,75
3,94,5,2.8,9.463705355057565,0.0,7,44,75
3,94,6,2.8,10.623155844667965,0.0,7,44,75
3,94,7,2.8,10.879411550195133,0.0,7,44,75
3,94,8,2.8,11.3465161788239,0.0,7,44,75
3,94,9,2.8,11.645341697341753,0.0,7,44,75
3,94,10,2.8,12.726635756915988,0.0,7,44,75
3,94,11,2.8,11.58309642764195,0.0,7,44,75
3,94,12,3.0,12.652814281679778,0.0,7,44,75
3,94,13,2.8,11.811516340526618,0.0,7,44,75
3,94,14,2.8,9.19053232447014,0.0,7,44,75
3,94,15,2.8,14.550349423624805,0.0,7,44,75
3,94,16,2.8,10.702998941482614,0.0,7,44,75
3,94,17,2.8,12.797680218940211,0.0,7,44,75
3,94,18,2.8,9.849270902109229,0.0,7,44,75
3,94,19,2.8,11.22040978706422,0.0,7,44,75
3,94,20,2.8,11.230275649297482,0.0,7,44,75
3,94,21,2.8,9.531833128635636,0.0,7,44,75
3,94,22,3.0,9.042243996781801,0.0,7,44,75
1,95,1,4.0,9.36061649480392,0.0,7,44,75
1,95,2,3.4,10.143840028637664,0.0,7,44,75
1,95,3,3.0,10.735562718729566,0.0,7,44,75
1,95,4,3.2,8.91732392840589,0.0,7,44,75
1,95,5,3.0,10.984633728000963,0.0,7,44,75
1,95,6,2.8,10.82849188167189,0.0,7,44,75
1,95,7,3.0,10.379688836729622,0.0,7,44,75
1,95,8,2.8,9.639242338532991,0.0,7,44,75
1,95,9,2.8,15.90135432852589,0.0,7,44,75
1,95,10,2.8,11.041822926952708,0.0,7,44,75
1,95,11,2.8,14.399206093539206,0.0,7,44,75
1,95,12,2.8,11.414605491066846,0.0,7,44,75
1,95,13,2.8,11.565753217902092,0.0,7,44,75
1,95,14,2.8,14.472675451341109,0.0,7,44,75
1,95,15,2.8,13.340583378213273,0.0,7,44,75
1,95,16,2.8,10.51111747239866,0.0,7,44,75
1,95,17,2.8,9.326720479350389,0.0,7,44,75
1,95,18,2.8,12.087130684394287,0.0,7,44,75
1,95,19,3.0,10.062274875827441,0.0,7,44,75
1,95,20,2.8,10.051868877400592,0.0,7,44,75
1,95,21,2.8,10.918223128039717,0.0,7,44,75
2,95,1,2.8,17.763995121789968,0.0,7,44,75
2,95,2,2.8,9.775786473431138,0.0,7,44,75
2,95,3,3.2,10.420630577126522,0.0,7,44,75
2,95,4,3.2,9.339681029810375,0.0,7,44,75
2,95,5,3.0,9.64381713605706,0.0,7,44,75
2,95,6,2.8,9.972590776010302,0.0,7,44,75
2,95,7,3.0,11.895131073182638,0.0,7,44,75
2,95,8,2.8,13.461382560983134,0.0,7,44,75
2,95,9,2.8,12.178225669896442,0.0,7,44,75
2,95,10,2.8,10.762206586036003,0.0,7,44,75
2,95,11,2.8,9.99117236183717,0.0,7,44,75
2,95,12,2.8,13.561222132394827,0.0,7,44,75
2,95,13,2.8,13.172610359068075,0.0,7,44,75
2,95,14,2.8,10.784589635799987,0.0,7,44,75
2,95,15,2.8,10.055425855788023,0.0,7,44,75
2,95,16,3.0,10.554608600285217,0.0,7,44,75
2,95,17,2.8,11.486569174854415,0.0,7,44,75
2,95,18,2.8,12.16929717536152,0.0,7,44,75
2,95,19,3.0,10.617436835634257,0.0,7,44,75
2,95,20,2.8,8.889465118591625,0.0,7,44,75
2,95,21,2.8,8.658089196981777,0.0,7,44,75
2,95,22,2.0,19.801284734822193,0.0,4,44,75
3,95,1,2.8,8.977571657236037,0.0,7,44,75
3,95,2,2.8,10.795322157509737,0.0,7,44,75
3,95,3,2.8,9.788757119383591,0.0,7,44,75
3,95,4,2.8,10.53494036052618,0.0,7,44,75
3,95,5,2.8,9.972944218520075,0.0,7,44,75
3,95,6,2.8,10.477567368092295,0.0,7,44,75
3,95,7,2.8,10.523737632378532,0.0,7,44,75
3,95,8,2.8,10.159152975034207,0.0,7,44,75
3,95,9,2.8,13.46572733843962,0.0,7,44,75
3,95,10,2.8,13.164939797854547,0.0,7,44,75
3,95,11,2.8,10.45453020211397,0.0,7,44,75
3,95,12,3.0,12.371288765908325,0.0,7,44,75
3,95,13,2.8,11.246799231477974,0.0,7,44,75
3,95,14,2.8,9.579179711317538,0.0,7,44,75
3,95,15,2.8,15.126112391850185,0.0,7,44,75
3,95,16,2.8,10.429237487654937,0.0,7,44,75
3,95,17,2.8,13.903161569458087,0.0,7,44,75
3,95,18,2.8,10.366798399295016,0.0,7,44,75
3,95,19,2.8,14.628747122202462,0.0,7,44,75
3,95,20,2.8,10.51584617259308,0.0,7,44,75
3,95,21,2.8,9.025459308874662,0.0,7,44,75
3,95,22,2.8,11.159936353688433,0.0,7,44,75
1,96,1,4.2,8.518645635320619,0.0,7,44,75
1,96,2,3.4,9.659928806175316,0.0,7,44,75
1,96,3,3.0,10.188131443407459,0.0,7,44,75
1,96,4,3.0,9.531568953799395,0.0,7,44,75
1,96,5,3.0,12.233427236376983,0.0,7,44,75
1,96,6,2.8,11.211268327078153,0.0,7,44,75
1,96,7,3.0,9.58704309089969,0.0,7,44,75
1,96,8,2.8,9.654685987943976,0.0,7,44,75
1,96,9,2.8,17.072681110610397,0.0,7,44,75
1,96,10,2.8,10.727322682444504,0.0,7,44,75
1,96,11,2.8,15.920929962740413,0.0,7,44,75
1,96,12,2.8,11.458013424501237,0.0,7,44,75
1,96,13,2.8,13.156594457970535,0.0,7,44,75
1,96,14,2.8,13.3800894333979,0.0,7,44,75
1,96,15,2.8,13.051642575233524,0.0,7,44,75
1,96,16,2.8,11.428073772281854,0.0,7,44,75
1,96,17,3.0,8.493446306035738,0.0,7,44,75
1,96,18,2.8,10.353165185238847,0.0,7,44,75
1,96,19,3.2,10.518763419883651,0.0,7,44,75
1,96,20,2.8,9.789285496349741,0.0,7,44,75
1,96,21,3.0,9.813125596044424,0.0,7,44,75
2,96,1,3.2,12.7001575799906,0.0,7,44,75
2,96,2,3.0,10.619244360486052,0.0,7,44,75
2,96,3,3.4,11.586733553923894,0.0,7,44,75
2,96,4,3.4,8.769753564774698,0.0,7,44,75
2,96,5,2.8,14.479915261848696,0.0,7,44,75
2,96,6,2.8,10.759260227153447,0.0,7,44,75
2,96,7,3.0,11.441253121223669,0.0,7,44,75
2,96,8,2.8,12.850268717584443,0.0,7,44,75
2,96,9,2.8,12.792131444961973,0.0,7,44,75
2,96,10,2.8,10.362555887016354,0.0,7,44,75
2,96,11,2.8,14.037348565692024,0.0,7,44,75
2,96,12,2.8,12.577157643675822,0.0,7,44,75
2,96,13,2.8,12.167489335876143,0.0,7,44,75
2,96,14,2.8,11.240724410592424,0.0,7,44,75
2,96,15,3.0,9.902063604802475,0.0,7,44,75
2,96,16,2.8,11.34377242726361,0.0,7,44,75
2,96,17,2.8,11.202933433821002,0.0,7,44,75
2,96,18,2.8,11.85052763278125,0.0,7,44,75
2,96,19,3.0,10.734920960261125,0.0,7,44,75
2,96,20,2.8,7.18294128640858,0.0,7,44,75
2,96,21,2.8,11.093472202260148,0.0,7,44,75
3,96,1,2.8,9.348053416057533,0.0,7,44,75
3,96,2,2.8,11.909424966909457,0.0,7,44,75
3,96,3,2.8,11.949959454190648,0.0,7,44,75
3,96,4,2.8,10.050222748367965,0.0,7,44,75
3,96,5,2.8,9.057280709006886,0.0,7,44,75
3,96,6,2.8,10.23216484378108,0.0,7,44,75
3,96,7,2.8,9.846071197592751,0.0,7,44,75
3,96,8,2.8,11.160179130563932,0.0,7,44,75
3,96,9,2.8,12.789906723353132,0.0,7,44,75
3,96,10,2.8,13.664973877622902,0.0,7,44,75
3,96,11,2.8,11.160372943925815,0.0,7,44,75
3,96,12,3.0,12.05431463522203,0.0,7,44,75
3,96,13,2.8,9.964196223766942,0.0,7,44,75
3,96,14,2.8,9.47529725635305,0.0,7,44,75
3,96,15,2.8,12.549963903149497,0.0,7,44,75
3,96,16,3.0,10.488920428581341,0.0,7,44,75
3,96,17,2.8,16.42328196014576,0.0,7,44,75
3,96,18,2.8,11.14145514686883,0.0,7,44,75
3,96,19,2.8,11.711776366549891,0.0,7,44,75
3,96,20,2.8,10.732286182311546,0.0,7,44,75
3,96,21,2.8,8.875680020756906,0.0,7,44,75
3,96,22,2.8,9.905965854484963,0.0,7,44,75
1,97,1,4.4,8.966213381879955,0.0,7,44,75
1,97,2,3.4,11.698888086082713,0.0,7,44,75
1,97,3,3.2,8.498475100185061,0.0,7,44,75
1,97,4,3.0,10.054731414102088,0.0,7,44,75
1,97,5,3.0,10.944336836089583,0.0,7,44,75
1,97,6,2.8,10.653048978780385,0.0,7,44,75
1,97,7,2.8,13.719335978201062,0.0,7,44,75
1,97,8,2.8,9.662148766984766,0.0,7,44,75
1,97,9,2.8,16.924217221653336,0.0,7,44,75
1,97,10,2.8,11.234953625086867,0.0,7,44,75
1,97,11,2.8,13.769817031962463,0.0,7,44,75
1,97,12,2.8,16.04110551172496,0.0,7,44,75
1,97,13,2.8,12.445332684926022,0.0,7,44,75
1,97,14,2.8,14.230684969299205,0.0,7,44,75
1,97,15,2.8,11.716196473089788,0.0,7,44,75
1,97,16,2.8,12.289070022750503,0.0,7,44,75
1,97,17,2.8,8.301196109479386,0.0,7,44,75
1,97,18,3.0,8.706200617060974,0.0,7,44,75
1,97,19,3.0,13.221438572620713,0.0,7,44,75
1,97,20,3.0,8.612295314787806,0.0,7,44,75
1,97,21,3.2,8.999787162983072,0.0,7,44,75
2,97,1,2.8,14.906512325948285,0.0,7,44,75
2,97,2,3.0,10.51868262082588,0.0,7,44,75
2,97,3,3.6,8.946717505260466,0.125,7,44,75
2,97,4,2.8,12.248605094205917,0.0,7,44,75
2,97,5,2.8,9.523442468145534,0.0,7,44,75
2,97,6,2.8,11.094134226991246,0.0,7,44,75
2,97,7,3.0,10.633588485385863,0.0,7,44,75
2,97,8,2.8,12.397234428077699,0.0,7,44,75
2,97,9,2.8,13.175110234820567,0.0,7,44,75
2,97,10,2.8,12.152127169951568,0.0,7,44,75
2,97,11,2.8,10.190944601247118,0.0,7,44,75
2,97,12,2.8,11.020027889954976,0.0,7,44,75
2,97,13,2.8,11.915160117656892,0.0,7,44,75
2,97,14,2.8,8.992755336053019,0.0,7,44,75
2,97,15,2.8,9.924887230166988,0.0,7,44,75
2,97,16,3.0,10.646471645715067,0.0,7,44,75
2,97,17,2.8,9.953679688083321,0.0,7,44,75
2,97,18,2.8,11.59264865871986,0.0,7,44,75
2,97,19,3.0,12.506250223483578,0.0,7,44,75
2,97,20,2.8,9.308894077677973,0.0,7,44,75
2,97,21,2.8,7.797144525268523,0.0,7,44,75
2,97,22,2.0,18.182453593016564,0.0,4,44,75
3,97,1,2.8,9.597425512796697,0.0,7,44,75
3,97,2,2.8,10.795322157509737,0.0,7,44,75
3,97,3,2.8,10.984197119737894,0.0,7,44,75
3,97,4,2.8,9.745940889103261,0.0,7,44,75
3,97,5,2.8,9.419977785053334,0.0,7,44,75
3,97,6,2.8,9.051069324040935,0.0,7,44,75
3,97,7,2.8,10.840844049298408,0.0,7,44,75
3,97,8,2.8,9.97686118288949,0.0,7,44,75
3,97,9,2.8,14.053615174802204,0.0,7,44,75
3,97,10,2.8,13.052557608763669,0.0,7,44,75
3,97,11,2.8,11.829534621150652,0.0,7,44,75
3,97,12,3.0,11.798523280546968,0.0,7,44,75
3,97,13,2.8,10.317172281955918,0.0,7,44,75
3,97,14,2.8,10.536302230054792,0.0,7,44,75
3,97,15,2.8,12.706400830915236,0.0,7,44,75
3,97,16,2.8,11.031168990245243,0.0,7,44,75
3,97,17,2.8,15.217686407877359,0.0,7,44,75
3,97,18,2.8,11.305796932076555,0.0,7,44,75
3,97,19,2.8,12.279172603003003,0.0,7,44,75
3,97,20,2.8,10.115813136050955,0.0,7,44,75
3,97,21,2.8,9.576607797944591,0.0,7,44,75
3,97,22,2.8,11.079073668409265,0.0,7,44,75
1,98,1,4.2,9.236810506803034,0.0,7,44,75
1,98,2,3.2,9.635028945951024,0.0,7,44,75
1,98,3,3.0,10.295366071391081,0.0,7,44,75
1,98,4,3.2,9.508279243562034,0.0,7,44,75
1,98,5,3.0,12.435387691947083,0.0,7,44,75
1,98,6,2.8,9.66488005054703,0.0,7,44,75
1,98,7,2.8,12.069425055606441,0.0,7,44,75
1,98,8,2.8,10.828656950161212,0.0,7,44,75
1,98,9,2.8,12.244446097095997,0.0,7,44,75
1,98,10,2.8,9.827379596085578,0.0,7,44,75
1,98,11,2.8,13.846826503086879,0.0,7,44,75
1,98,12,2.8,15.966179307433658,0.0,7,44,75
1,98,13,2.8,11.693562980774391,0.0,7,44,75
1,98,14,2.8,13.265468653124433,0.0,7,44,75
1,98,15,2.8,13.233040049521474,0.0,7,44,75
1,98,16,2.8,13.377115579224263,0.0,7,44,75
1,98,17,3.0,7.885507986655674,0.0,7,44,75
1,98,18,2.8,11.919768262542558,0.0,7,44,75
1,98,19,3.0,10.61157086964726,0.0,7,44,75
1,98,20,2.8,9.634040887300868,0.0,7,44,75
1,98,21,2.8,14.181429873483701,0.0,7,44,75
2,98,1,3.2,12.969468705645134,0.0,7,44,75
2,98,2,3.0,10.564217441001398,0.0,7,44,75
2,98,3,3.6,9.828313724182404,0.0,7,44,75
2,98,4,3.2,8.83870763589062,0.0,7,44,75
2,98,5,2.8,14.243859427289824,0.0,7,44,75
2,98,6,2.8,9.579614777266897,0.0,7,44,75
2,98,7,3.0,12.753409473111507,0.0,7,44,75
2,98,8,2.8,11.49749135215637,0.0,7,44,75
2,98,9,2.8,14.25283936427997,0.0,7,44,75
2,98,10,2.8,10.46898135349538,0.0,7,44,75
2,98,11,2.8,12.118250756155412,0.0,7,44,75
2,98,12,2.8,12.449156037518007,0.0,7,44,75
2,98,13,2.8,10.319768202128913,0.0,7,44,75
2,98,14,2.8,11.827645000588682,0.0,7,44,75
2,98,15,3.0,9.999196213463314,0.0,7,44,75
2,98,16,2.8,11.73556576053447,0.0,7,44,75
2,98,17,2.8,10.49186841366314,0.0,7,44,75
2,98,18,2.8,13.834074770404131,0.0,7,44,75
2,98,19,3.0,11.145739499749777,0.0,7,44,75
2,98,20,2.8,7.927788805573667,0.0,7,44,75
2,98,21,2.8,9.083448842228394,0.0,7,44,75
3,98,1,2.8,9.235131752384344,0.0,7,44,75
3,98,2,2.8,10.795322157509826,0.0,7,44,75
3,98,3,2.8,12.163855719295352,0.0,7,44,75
3,98,4,2.8,9.000177290720249,0.0,7,44,75
3,98,5,2.8,10.503900396752757,0.0,7,44,75
3,98,6,2.8,9.66616935169972,0.0,7,44,75
3,98,7,2.8,10.17363205105077,0.0,7,44,75
3,98,8,2.8,10.108779665474039,0.0,7,44,75
3,98,9,2.8,13.406693030332518,0.0,7,44,75
3,98,10,2.8,11.794061149076851,0.0,7,44,75
3,98,11,2.8,11.829534621150652,0.0,7,44,75
3,98,12,3.0,13.919877305441453,0.0,7,44,75
3,98,13,2.8,11.720973869219167,0.0,7,44,75
3,98,14,3.0,10.05905378188968,0.0,7,44,75
3,98,15,2.8,11.635075654685188,0.0,7,44,75
3,98,16,2.8,9.643206470358134,0.0,7,44,75
3,98,17,2.8,14.276479423518516,0.0,7,44,75
3,98,18,3.0,9.970555961715956,0.0,7,44,75
3,98,19,2.8,13.304916455188831,0.0,7,44,75
3,98,20,2.8,10.51561198079704,0.0,7,44,75
3,98,21,2.8,8.856111467198136,0.0,7,44,75
3,98,22,2.8,10.401024191997676,0.0,7,44,75
1,99,1,4.0,8.891041575490874,0.0,7,44,75
1,99,2,3.4,11.542835381950566,0.0,7,44,75
1,99,3,3.0,11.671233264139339,0.0,7,44,75
1,99,4,3.0,9.874165489058974,0.0,7,44,75
1,99,5,3.0,12.203778742431805,0.0,7,44,75
1,99,6,2.8,10.647081415127255,0.0,7,44,75
1,99,7,3.0,11.883641092015617,0.0,7,44,75
1,99,8,2.8,10.102497146115148,0.0,7,44,75
1,99,9,2.8,13.011138806650147,0.0,7,44,75
1,99,10,2.8,10.952677364797838,0.0,7,44,75
1,99,11,2.8,15.325917548274127,0.0,7,44,75
1,99,12,2.8,16.356206584328596,0.0,7,44,75
1,99,13,2.8,11.92496810250589,0.0,7,44,75
1,99,14,2.8,13.594663188304441,0.0,7,44,75
1,99,15,3.0,11.965034116889486,0.0,7,44,75
1,99,16,2.8,10.87141170965057,0.0,7,44,75
1,99,17,3.0,8.029441960902432,0.0,7,44,75
1,99,18,2.8,10.837265174837702,0.0,7,44,75
1,99,19,3.2,11.393862483874656,0.0,7,44,75
1,99,20,2.8,10.343801377785475,0.0,7,44,75
1,99,21,3.0,10.388300123586717,0.0,7,44,75
2,99,1,2.8,15.550832312527948,0.0,7,44,75
2,99,2,2.8,11.027191751091191,0.0,7,44,75
2,99,3,3.2,10.420630577126522,0.0,7,44,75
2,99,4,3.2,9.353965060932715,0.0,7,44,75
2,99,5,3.0,9.334721669938828,0.0,7,44,75
2,99,6,2.8,11.054032125284197,0.0,7,44,75
2,99,7,3.0,11.872041408040873,0.0,7,44,75
2,99,8,2.8,11.052988354874694,0.0,7,44,75
2,99,9,2.8,12.325477952991184,0.0,7,44,75
2,99,10,2.8,12.152127169951568,0.0,7,44,75
2,99,11,2.8,10.524123095272708,0.0,7,44,75
2,99,12,2.8,11.968911691471238,0.0,7,44,75
2,99,13,2.8,11.404167859948295,0.0,7,44,75
2,99,14,2.8,9.480645105906348,0.0,7,44,75
2,99,15,2.8,10.558854924585788,0.0,7,44,75
2,99,16,3.0,10.05157472048722,0.0,7,44,75
2,99,17,2.8,10.27128295067358,0.0,7,44,75
2,99,18,2.8,12.699949135823903,0.0,7,44,75
2,99,19,3.2,8.538348689250817,0.0,7,44,75
2,99,20,2.8,9.170414942706145,0.0,7,44,75
2,99,21,3.0,8.014797224957448,0.0,7,44,75
3,99,1,2.8,9.828774924352489,0.0,7,44,75
3,99,2,2.8,10.872081509235318,0.0,7,44,75
3,99,3,2.8,9.544348331893243,0.0,7,44,75
3,99,4,2.8,10.000921269082552,0.0,7,44,75
3,99,5,2.8,10.171980923305176,0.0,7,44,75
3,99,6,2.8,10.441791640054817,0.0,7,44,75
3,99,7,2.8,10.007171861505574,0.0,7,44,75
3,99,8,2.8,11.262937175161404,0.0,7,44,75
3,99,9,2.8,14.384132891569719,0.0,7,44,75
3,99,10,2.8,12.316576513259216,0.0,7,44,75
3,99,11,2.8,11.160372943925815,0.0,7,44,75
3,99,12,3.0,13.401368107135848,0.0,7,44,75
3,99,13,2.8,11.393457146234036,0.0,7,44,75
3,99,14,2.8,9.624401350558212,0.0,7,44,75
3,99,15,2.8,12.524264814737382,0.0,7,44,75
3,99,16,2.8,10.518921863589231,0.0,7,44,75
3,99,17,2.8,13.533977240767982,0.0,7,44,75
3,99,18,2.8,10.78734089960134,0.0,7,44,75
3,99,19,2.8,13.38058804446247,0.0,7,44,75
3,99,20,2.8,10.756267035939244,0.0,7,44,75
3,99,21,2.8,9.69808950233042,0.0,7,44,75
3,99,22,2.8,11.079073668409173,0.0,7,44,75
